500,16
1662,-0.24107227,0.8197185,-0.51385987,-0.18557946,0.46135816,0.5588737,-0.26209757,-0.32691032,-0.35947192,0.7776532,0.54764503,-0.8729818,-0.024270793,0.497443,-0.70610994,0.042241715
2,-0.18588586,0.057953116,-0.31427324,0.11999562,0.047635216,0.24272306,0.00663432,-0.64590317,-0.3334479,0.5670737,0.11444817,-0.39949393,-0.15005156,-0.23478465,-0.3132581,-0.27117154
567,-0.06497107,0.6613614,-0.17341864,0.02330667,0.55710244,0.7105899,-0.39358762,-0.24666588,-0.16831785,0.4835441,0.72878784,-0.80835414,-0.1521362,0.4468483,-0.7122946,-0.14775422
1779,-0.099590406,0.4268131,-0.60629565,0.10785242,0.08227679,-0.48820093,-0.25620604,-0.21175614,-0.5260423,0.7220032,0.44545865,-0.4924105,-0.014800311,0.5730333,-0.16892529,-0.17938396
1776,-0.34557638,0.278161,-0.28254783,0.10319145,-0.074167885,-0.0041653677,-0.16116254,-0.6934081,-0.64100605,0.7145814,-0.10312258,-0.49181408,-0.092620805,-0.20599724,-0.23173459,-0.45145223
1085,-0.13938934,0.02115523,-0.637707,0.31073427,-0.60507154,-0.59305584,-0.42863,-0.43969005,-0.330101,0.3943519,0.46320507,-0.33577597,-0.40599898,0.17070113,0.009200058,-0.5086661
1621,-0.32285526,0.07577412,-0.3460065,0.025126066,-0.009193827,0.25356844,-0.041963067,-0.77583474,-0.411518,0.7728288,0.106868245,-0.37085345,-0.16695364,-0.44566855,-0.4749579,-0.2288876
1464,-0.44607258,0.042387642,-0.3066866,0.0759324,0.09703908,0.3156803,-0.015921623,-0.8406662,-0.47144705,0.7373113,0.20404616,-0.32176933,-0.022833448,-0.43094426,-0.3857783,-0.23785365
875,0.06406263,-0.45425645,-0.28177002,0.05316425,-0.5708789,0.29211113,-0.55035156,-0.21069856,-0.55391663,0.71882,0.52307916,-0.1985581,0.2380123,-0.30608952,0.118139036,-1.134389
1059,0.2680373,0.1365543,-0.43971732,0.21628079,-0.08144627,-0.14203243,0.012402593,-0.63767785,-0.41130906,0.90955585,-0.10390145,-0.29261318,-0.052748904,-0.025528654,-0.16820054,-0.49887788
557,0.27045903,0.067233756,0.27621475,0.30229476,0.3148682,0.32098088,-0.45357075,-0.56513995,-0.06826055,0.36896628,0.68804693,-0.742211,-0.755944,-0.15011099,0.17368232,-0.17367865
1480,-1.1283131,0.05586245,-0.76207584,0.06252293,0.40866625,1.0094821,-0.18793829,-0.3558581,-0.12056854,-0.05300167,0.38956195,-0.71632874,-0.087348856,0.35342878,0.04632471,-1.2178565
37,-0.19779254,0.38495508,-0.39272833,0.37723747,-0.15738325,-0.06272099,-0.41787797,-0.9225799,0.5521516,0.043450557,0.9217281,0.10626216,-0.7611911,-0.30854866,-0.45808324,-0.24720468
1534,0.34238255,-0.538783,-0.5944565,0.27222228,0.24163821,0.14076959,-0.47802475,-0.35627204,-0.32975516,0.4197323,-0.22479227,-0.72014725,-0.5234578,0.4318128,0.052356616,-0.678483
1557,-0.57637614,0.13428669,-0.07849677,-0.21361044,-0.034801424,-0.5119366,0.20053798,-1.1259774,-0.2585051,0.16262743,0.92653096,0.3580446,-0.507083,0.27831602,-0.12665914,-0.35043585
1607,-0.2376095,-0.24995506,-1.049212,0.37415743,0.34742934,-0.32248142,-0.55044806,-1.0014912,-0.42495403,0.079439215,0.17129311,-0.2701688,0.40870595,0.10880382,-0.4843787,0.054701723
1600,-0.45037347,0.6108624,-0.10761447,0.33143517,0.06527547,-0.05664813,-0.0060732756,-0.87432754,-0.31051305,0.22158146,0.30623204,-0.41192606,-0.5752323,-0.1126345,-0.20408355,-0.29540455
1002,0.22773832,0.88696754,-0.50323445,0.4422957,0.20080744,-0.23381421,-0.2801418,-0.06764317,-0.8048101,0.33255985,-0.2620305,-0.2491395,-0.26771575,-0.06990877,-0.121628135,-1.2010957
1675,0.022335973,0.4523584,-0.2600166,0.16056888,-0.05273365,-0.09947343,-0.21650647,-0.73163104,-0.5188424,0.681082,-0.025542947,-0.5852604,0.03559837,0.21386215,0.01636599,-0.3594117
1499,0.27732888,-0.4626203,0.21525581,0.27329096,-0.65178454,-0.030649034,-0.16810045,-0.55192274,-0.482652,0.12995505,1.0028286,-0.21110961,0.11666664,-0.344793,-0.32814473,-0.81848365
307,-0.15860958,-0.16396311,-0.20672897,0.12863253,0.28420228,-0.069183215,-0.28480715,-0.58190095,0.1626084,0.33569556,0.092453256,-0.22511071,-0.36365083,-0.010111272,-0.5841877,-0.5657073
1420,-0.4554904,0.17771311,-0.33789253,0.099047065,-0.058292273,-0.07159246,-0.11128046,-0.726604,-0.5155208,0.7178825,-0.10478238,-0.586219,-0.060061593,-0.06740677,-0.22240917,-0.4526066
1516,0.37745562,0.85223526,-0.40609017,0.47673795,0.29226395,0.21528807,-0.29248297,-0.119583,-0.6678149,0.20908917,-0.345637,-0.06758337,-0.18558492,-0.20865396,-0.78132296,-1.1976572
1695,0.38852417,-0.6649805,-0.09870149,0.17361651,0.64075226,-0.23206948,-0.52561253,-0.96907526,0.20478967,-0.0065954686,0.10817776,-0.7962848,-0.1343767,0.1605123,-0.052084446,-0.47260833
1664,-0.43235642,0.04523071,-0.41008133,-0.024970004,0.05168937,0.26094392,-0.13223259,-0.8642916,-0.40860775,0.648939,0.06675661,-0.41212812,-0.22215784,-0.3715142,-0.3202271,-0.2749847
1710,-0.30776578,0.057241175,-0.25272894,0.076893814,-0.003268556,0.19509026,0.05769337,-0.7784985,-0.5151311,0.699328,0.16323783,-0.39120206,-0.15327775,-0.45066828,-0.41449723,-0.31619906
669,-0.40194735,0.2703105,-0.4357667,0.06903955,0.43178943,0.23805632,-0.19687636,-0.80650806,-0.85350674,0.23791926,0.28564808,0.35343936,0.3351758,0.5033557,0.17881967,-0.75411355
1718,-0.33208856,0.20323288,-0.26117668,0.05393961,-0.10089074,0.19744554,0.1273627,-0.90036505,-0.4105659,0.6886162,0.050048508,-0.386936,-0.09571733,-0.48241422,-0.34309033,-0.37633768
1429,-0.62959725,0.02303873,-0.5774352,0.19348398,0.36079437,0.54535204,-0.35553518,-0.98418796,-0.63134605,0.0388263,0.018206995,0.3414179,-0.01734812,0.11978903,0.57994765,-0.9100257
860,0.7615622,0.27448386,-0.49707043,0.09914725,0.18894887,-0.026302032,-0.16317095,-0.9073381,-0.13034612,0.7605673,-0.026244141,0.087006666,0.19911297,0.3098273,-0.085173875,-0.3746504
1787,-0.004195314,-0.047557987,-0.64838195,0.26351687,-0.1969257,-0.7223137,0.050872657,-0.5317671,-0.4272249,0.45441228,0.6426313,-0.57138216,0.012326184,-0.09975774,-0.074349694,-0.27779388
1655,-0.37473714,-0.16937146,-0.15479438,0.40611586,-0.25325468,-0.028039718,-0.17817882,-0.63181067,0.3241699,0.8137325,0.18605493,-0.14574683,-0.020072931,0.21862823,-0.38277626,-0.7538702
2359,0.65401906,0.24045752,-0.34976143,0.34512404,0.6366058,-0.18423226,0.43112046,-1.2460679,-0.12957238,0.3071622,0.06536902,-0.009814315,0.52603763,0.1171449,-0.43458363,-0.3277961
1788,0.185223,-0.40667862,-0.21079993,-0.21398802,-0.4668251,0.044964954,-0.042710956,-0.685494,-0.6687997,0.41419262,0.1826923,-0.70220333,-0.27387637,0.054910608,-0.15648384,-0.6795992
1640,-0.2585081,-0.182558,0.3977493,0.40099174,0.163323,-0.22244082,-0.15365951,-0.87131953,0.40633616,0.7037335,0.6555078,0.06675118,-0.15908319,0.3482293,-0.38915935,-0.31478614
1587,-0.44123974,-0.014286967,-0.33452877,0.10198215,-0.017263483,0.341187,0.050128553,-0.823187,-0.53374,0.7094261,0.10305108,-0.53405905,-0.28049645,-0.46679068,-0.29079452,-0.3170886
625,0.4080828,-0.3128361,-0.7619631,0.46731877,0.14020245,-0.5046794,0.31182843,-0.6012289,0.01015348,0.5532323,0.5145317,-0.37135565,0.29057312,-0.067211226,0.074379966,-0.3589178
1689,-0.27396753,-0.37278947,-0.57199395,0.27304828,0.15403543,-0.3761147,-0.47354308,-0.74473053,-0.32385388,0.46400583,0.069563165,-0.3684799,-0.061196465,-0.09184188,-0.3698069,-0.2324452
1282,-0.37660283,0.25759113,-0.47008678,0.008361821,0.12859721,-0.27667275,-0.23445249,-0.52006,-0.41069716,0.87110853,0.077464335,-0.47054312,-0.17013007,0.11149735,-0.5441027,-0.2389745
687,0.037211,-0.03283005,-0.4862177,-0.14359254,-0.038798556,-0.2214579,-0.09303105,-0.26583436,-0.64568526,0.6039139,0.35657984,-0.41610947,-0.11010373,0.5656519,-0.20799148,-0.6781187
1698,-0.1374714,0.40567267,0.07892034,-0.23986858,0.45099014,-0.18324882,0.31861678,-0.47493473,-1.138695,0.6016631,0.30077502,-0.05984732,-0.6414196,-0.5007129,-0.54824126,-0.63222855
1618,0.18672788,0.13471834,-0.08296855,-0.25401315,0.99530345,-0.31953406,-0.30221242,-0.4819726,0.02591366,0.7231104,0.30534256,-0.081571534,-0.5143668,-0.26528156,-0.27487534,-0.67413265
1773,0.49134177,-0.30997515,0.23420031,0.17909223,-0.37409267,-0.229438,-0.5362011,-0.64002234,-0.64520824,0.1232673,0.48723966,-0.03628983,-0.019009357,-0.30486673,-0.49361116,-0.7972307
1663,-0.4124741,0.19908243,0.13085383,-0.13977356,-0.5878054,-0.52336836,-0.24111426,-0.8167819,0.27272183,-0.06304793,0.33984873,-0.88785464,-0.584934,0.7584086,-1.0666052,-0.6963557
1768,-1.0440115,0.23362796,-0.65909237,0.5992991,0.40323702,1.3429811,-0.23271847,-0.10519,-0.12335798,0.061890233,0.44348466,-1.0772649,-0.16846827,0.20781082,-0.11656491,-0.903479
1120,-0.19980846,0.2555352,-0.30879742,-0.012165649,-0.3507958,-0.25680918,-0.26279435,-0.46416166,-0.681729,0.893776,0.30012995,-0.41703758,0.019863095,0.20363386,-0.1265244,-0.45214245
862,0.46581927,-0.08376428,-0.36801943,0.177324,0.42466408,-0.26688704,-0.22549066,-0.4554632,-0.38675267,0.40650767,0.072409414,-0.1711259,-0.34800953,0.31092095,-0.34769943,-0.61870104
1738,0.02862921,-0.64652276,-0.28370577,-0.16934136,-0.04232881,0.023721924,-0.19330285,-0.80211663,-0.5013122,-0.17180943,-0.20167054,-1.053344,-0.6042215,0.035835348,-0.59330827,-0.6656679
581,0.48513833,-0.18049769,-0.0042673782,0.3331666,-0.23342925,-0.13643962,-0.531044,-0.57169074,-0.35568035,0.16253598,0.5087219,-0.063250735,-0.030268366,-0.114217035,-0.26099032,-0.68800366
1416,-0.43740842,-0.6446959,-0.5930155,-0.20692459,-0.079225786,0.5749411,-0.62901396,-0.774242,-0.4627464,0.7362714,0.1229868,0.06495606,-0.12588882,-0.30217797,0.3731305,-0.7863464
1763,0.046599533,0.058235213,-0.3046942,0.14063548,0.18051699,0.64542496,-0.3467223,-0.7115384,-0.18237607,0.74998724,0.14796184,-0.42240426,-0.3161446,0.11312914,-0.5553109,-0.054749496
809,0.5688041,0.19097283,-0.62753487,0.20738532,0.21463352,-0.23227027,-0.0079040425,-0.52357817,-0.36177737,0.78110564,0.23824579,-0.08117676,0.16080865,0.03899761,0.10617444,-0.54498684
1292,0.036173508,0.29834068,-0.13322197,0.120001815,-0.31682402,-0.06877717,-0.32740545,-0.5463247,-0.6855113,0.8599058,0.0452359,-0.4350255,-0.00017956116,0.09142213,0.11100022,-0.5651548
1774,0.17725873,0.23751119,0.25803578,0.7509069,0.057214156,0.5195146,-0.71578836,-1.0281173,0.18220419,0.4986307,0.30279404,-0.64625573,-0.738388,-0.6678127,0.04698363,0.1287813
1588,-0.25130144,0.05585522,-0.12559587,0.100582436,-0.14168797,-0.09043794,-0.0070920456,-0.81579566,-0.6383326,0.7660302,-0.020170392,-0.529735,-0.10956408,-0.09511302,-0.29228932,-0.24267094
1174,-0.018436126,-0.069070294,-0.25102085,0.36806077,0.39416513,0.110965125,0.070507854,-0.5256821,-0.20556656,0.21537834,0.458501,0.16558805,-0.24107552,0.18287773,-0.27043405,-0.6591946
218,-0.04980396,-0.11341106,0.11416696,-0.005305827,-0.022527168,-0.021338362,-0.30747092,-0.6785958,0.27594012,-0.02000418,0.376794,-0.71803945,-0.4063335,0.5819136,-0.659822,-0.7070398
1538,0.5930965,0.017851828,-1.1208678,0.23746169,0.44931337,0.4520261,0.5393011,-0.8957725,-0.28478447,0.47707543,0.07127356,0.19956921,-0.14500451,-0.408878,0.13632844,-0.62328136
376,-0.100273564,0.5045639,-0.13782735,0.48457715,-0.09089873,0.3590345,-0.1547909,-0.5134757,0.35066617,0.13891718,0.8010558,0.07365341,-0.43108454,0.024042904,-0.60890526,-0.6899602
506,-0.18205982,-0.20666909,-0.33725572,0.73028773,0.46373937,0.57441235,-0.08627147,-0.12311016,0.22568336,0.39225045,0.8659052,-1.2594143,-0.7112754,-0.42028597,-0.21353483,-0.23617168
1296,-0.23310141,0.330149,-0.096512735,0.80950254,-0.4521662,0.09125896,-0.03693961,-0.6697474,-0.1783323,0.70572937,0.1324154,-0.51976943,-0.40799314,-0.15791234,0.002706447,-0.3598233
1578,-0.19537908,0.344158,-0.97335374,0.2987423,0.03523719,-0.26557875,-1.0072913,-0.8443715,-0.23798077,0.14962745,0.3898196,0.00356008,0.05705358,0.29967064,-0.09957274,0.05121616
1470,-0.7087694,0.14852275,-0.28704917,0.08415755,-0.39719537,-0.43823862,-0.007637403,-0.25513858,-0.71196324,1.5826818,0.10491869,-0.77853703,-0.071555726,0.087609634,-0.5123128,-0.1545761
1584,-0.16192508,0.019540168,-0.2539462,0.41281804,0.14353865,-0.022116419,-0.1632986,-1.077406,-0.006425361,-0.047758143,0.58934665,-0.39512447,-0.8583243,-0.17688581,-0.017742118,-0.045973193
855,-0.18404707,-0.53994274,0.16659775,-0.15885833,0.1796609,0.22406615,0.109381706,-0.45835692,-1.0892317,0.9316873,0.0069930404,-0.28239265,-0.12413373,-0.043441083,-0.28885716,-0.85678935
241,0.45101976,0.2001984,-0.17759928,0.011811577,0.7419105,-0.24437787,-0.39108798,-0.32793963,-0.22358479,0.414899,0.5084415,-0.3559828,-0.19352005,-0.117005914,0.008016051,-0.6220215
1367,-0.31617302,0.2656826,-0.3047296,0.17656004,0.025987769,-0.028485553,-0.040591206,-0.8026043,-0.5741839,0.7554686,-0.17817567,-0.45833164,-0.029187962,-0.15991168,-0.23359868,-0.33068472
748,-0.09446026,0.37992245,-0.6296545,0.012198584,-0.15070832,-0.24960203,-0.28650385,-0.6963415,-0.5918009,0.6241046,0.12137428,-0.44950202,0.043092493,0.47221574,0.26089472,-0.38499174
820,-0.010586141,0.5808681,-0.43973568,0.082391806,0.031151889,-0.16129388,-0.14929505,-0.7245886,-0.5327739,0.87180406,0.009568786,-0.644581,0.02318016,0.19470482,0.0031306548,-0.15810269
1801,-0.26021907,0.11360111,-0.38480684,0.14356789,-0.14437479,0.36746192,0.060309235,-0.8245693,-0.31509337,0.5844639,0.11408324,-0.49568257,-0.24986948,-0.40067,-0.42655215,-0.26552647
1581,-0.2908897,-0.3767033,-0.020934938,0.6642844,-0.22975808,-0.13330926,-0.46673125,-0.42852944,-0.03040331,0.42883945,0.6969827,0.040511537,-0.25055516,0.60797644,-0.46977878,-0.38625228
381,0.5019753,0.11995838,-0.09525013,0.28508243,0.30090678,-0.09492494,-0.71960235,-0.4020736,-0.4983563,0.34454298,0.3165031,-0.5364128,-0.45025584,-0.0722764,-0.05832907,-0.34051064
243,0.09202943,0.2810272,0.058491074,0.19095446,-0.260217,0.004446954,-0.54230744,-0.57003665,-0.26369706,0.8405872,0.59504807,-0.7155686,-0.42458725,-0.04679902,0.017814662,0.008577108
531,-0.17716551,0.5346211,-0.99292517,0.13741177,-0.13330115,-0.1295824,-0.84468496,-0.6737437,0.079862416,0.055851113,0.63056767,0.02509217,-0.4241815,-0.26977986,-0.45843032,-0.23748177
1428,0.09758492,0.6335264,-0.33496928,0.37758195,0.023470502,0.5833184,-0.109707616,-0.9701163,-0.33140638,0.312725,0.4078313,-0.19669603,-0.18696636,0.29341874,-0.05036776,-0.060021274
1651,0.058653347,0.2893794,0.053425983,1.0393372,-0.5078848,-0.023936622,0.73963386,-0.5615514,-0.42908737,0.007967525,0.85856557,-0.44669795,0.0036151875,0.5764926,-0.4224555,-0.52705514
1359,0.30108446,0.2633889,-0.19924381,0.17670287,0.30200148,-0.6690248,-0.16478413,-0.0789976,0.27315366,1.5286362,0.09193112,-0.06584594,-0.38417786,0.14994732,-0.5114056,-0.7461763
1153,0.6290721,0.20518483,-0.63551015,0.53605723,0.25391436,-0.37541926,0.24835835,-0.349894,-0.49499065,0.43946195,0.025310079,-0.45769066,-0.35757235,-0.5885047,0.18987836,-0.82970905
696,-0.048906993,0.017932417,-0.7917325,0.11816495,0.11578518,-0.15309857,-0.29038945,-0.67691875,-0.5986376,0.46298248,0.15585975,-0.3492316,0.20513111,0.24877855,-0.27730563,-0.23602192
1369,0.44713956,-0.26563802,-0.08379567,0.0010392577,-0.18715052,-0.08542017,-0.1389667,-0.63749367,-0.56239325,0.061501898,0.26902893,-0.29957676,-0.28222308,0.33512878,-0.35704103,-0.78364575
526,-0.05142061,0.38553506,-0.06648622,0.58455604,0.16489437,0.69871914,-0.2652613,-0.7772877,0.22202097,0.051832158,0.8251325,-0.366164,-0.69516534,0.1309131,0.26231164,-0.29353786
832,-0.6496438,0.13393581,-0.41296414,-0.07231638,-0.23809987,-0.38075623,-0.03200756,-0.23130238,-0.6172827,1.5267164,0.2319787,-0.7595353,-0.037786372,0.09423802,-0.40881285,-0.17699236
408,-0.10480633,0.35807687,-0.69258577,0.5436025,-0.07851879,-0.020687966,-0.5023445,-0.6720869,0.2154612,-0.08639007,0.5997981,0.047263555,-0.63987356,-0.26472425,-0.38510337,-0.45615366
1033,-0.23772664,0.3212753,-0.665989,0.50228626,0.36093718,1.2566959,-0.58409697,0.0053483057,-0.054831475,0.41850019,0.35193157,-0.70853925,0.054330043,0.15336943,-1.0176466,-0.5596483
1423,-0.01500248,-0.2444905,-0.45805964,0.3146172,-0.15157737,-0.46703357,-0.22167899,-0.9301982,-0.40801793,0.43606073,-0.10929677,-0.49928588,-0.3879376,-0.4223657,-0.17550458,-0.2705574
1028,-0.40725437,0.19960812,-0.46927422,0.18523252,0.44551432,0.3790767,-0.25432953,-0.872833,-0.8888552,0.22124876,0.12004837,0.26897272,0.20022282,0.43396655,0.4041822,-0.7017412
1705,0.111363314,-0.034807324,-0.37065414,0.1563575,0.13270356,0.5948433,-0.22331667,-0.6208857,-0.55406904,0.53053635,0.5494979,-0.42220962,-0.09602802,0.16013148,-0.48794705,-0.04154304
729,0.16767335,-0.0952049,-0.06358658,0.087713726,0.20863186,-0.1111451,0.40482762,-0.8741767,0.046014447,0.18569002,0.33726293,-0.69749063,-0.4669354,0.16747884,-0.07488396,-0.61261946
1498,-0.33165804,0.7523724,-0.54697746,0.30076388,-0.33387518,0.14093557,-0.6218084,-0.90479326,0.40483162,0.034332607,0.8190104,0.1667161,-0.6728694,-0.4473333,-0.54088974,-0.3069455
1716,-0.27766606,0.20070545,-0.29087478,0.76824665,-0.6667041,0.6465613,0.7587035,-1.0313928,-0.23074333,0.52206516,0.32442862,0.3419974,-0.6523099,0.10822105,-0.41727626,-0.4700588
1060,0.25258055,0.21592182,-0.5278335,0.081378125,0.449457,-0.35438776,-0.17682831,-0.4858357,-0.34713647,0.17961222,0.81106526,-0.35086414,0.20324068,-0.17511198,0.03326405,-0.47932145
1767,-0.3078407,0.14917767,-0.292197,0.06687965,0.045584675,0.27478197,-0.021817898,-0.88002706,-0.4795962,0.7729898,0.03763905,-0.34993303,-0.11394293,-0.36386982,-0.35569504,-0.22659725
292,-0.15248846,0.51056695,-0.109786175,0.7283443,-0.016549034,0.57627827,0.017369213,-0.47425395,0.05758609,0.10724728,0.81543547,-0.07150942,-0.7028287,-0.006587634,-0.23891555,-0.65072465
1098,0.010844326,0.10635031,-0.957219,-0.48009565,0.04840891,-0.20568651,-0.12395307,-0.3812407,0.15250619,0.6586613,0.8484573,-0.37713268,0.17158519,0.46243787,-0.068475224,-0.57073784
948,-0.23768693,0.13457638,-0.24989232,0.31530577,-0.16291115,-0.21499327,-0.15970907,-0.5152409,-0.63176954,0.8533712,-0.04923726,-0.5125357,-0.010943271,-0.16256265,-0.12791379,-0.4802627
1576,-0.26249993,-0.19242832,0.23539327,0.38136947,0.2016945,-0.050516997,-0.10734703,-0.70723957,0.33152086,0.35814822,0.6434066,0.09916522,-0.20081906,0.67595,-0.5727959,-0.6672127
1625,-0.6263691,-0.3811125,0.17751822,0.88876855,0.41505703,0.26311302,-0.31047976,-0.52077156,0.08499648,0.52559704,1.0762287,-0.14442427,-0.5765289,0.13518813,-0.08870319,-0.09301378
172,0.31258756,0.28549197,0.32963702,-0.01052773,-0.12634784,0.32177508,-1.0654174,-0.76067346,-0.44397867,0.3842521,0.7924613,-0.5529352,-0.19199196,-0.3076149,0.15248725,-0.17719199
178,0.21760143,-0.5134639,-0.46041825,0.39183676,0.075006686,-0.7914425,-0.25709704,-0.81267446,-0.19334295,0.024385532,0.26084578,-0.43289775,-0.4836768,-0.0708766,0.08286534,-0.29489866
475,0.35222173,-0.21617326,-0.21702018,0.009137508,0.34078327,-0.21396394,-0.6248968,-0.5567258,-0.39113098,0.058771607,0.2123367,-0.95767593,-0.36092165,-0.014245453,-0.008598802,-0.5057264
849,0.35654384,0.40064493,-0.68467027,0.3256847,0.54976,-0.49562746,0.05441946,-0.3522025,-0.609282,0.5555631,0.70549613,-0.5714744,0.5000371,-0.3814382,-0.18660758,-0.23928042
1743,-0.7128735,0.30630416,0.2933161,0.21889271,-0.29604104,-0.31932175,-0.3227943,-0.84806,-0.22749493,0.05779185,0.44765586,0.12483016,-0.37082404,0.42428625,-0.8938135,-0.61879826
1638,0.99599427,0.23516126,-0.54261947,0.36868554,0.12790784,-0.018794473,-0.07871186,-1.1294537,-0.3349701,0.6447295,-0.19029498,0.33051655,0.23384173,0.3078846,-0.4142537,-0.13984297
1501,-0.31819585,0.04558399,-0.44402343,-0.051566374,0.0005049568,0.3560012,-0.037961196,-0.8425558,-0.46464854,0.70991707,0.08048229,-0.50578624,-0.040598683,-0.29118365,-0.35393572,-0.26469356
1654,-0.38494325,0.47278482,-0.52566224,-0.1950189,-0.19924627,-0.08060717,-0.31163573,-0.9132635,0.08744132,0.20163113,0.6393865,0.20192662,-0.64227206,-0.30773667,-0.5615297,-0.39213347
1502,-0.36368152,0.018257719,-0.28938138,-0.006017182,-0.1331199,0.32989126,0.06735175,-0.8818714,-0.5962386,0.6215218,0.00671742,-0.49574736,-0.12553385,-0.34507415,-0.3506914,-0.3314224
1549,-0.40333378,0.09033062,-0.45362136,-0.08846315,0.12001604,0.23353045,-0.026613042,-0.77814233,-0.46789688,0.79346526,-0.028158972,-0.49351075,-0.28682858,-0.50066817,-0.56240815,-0.2933077
682,-0.14650685,-0.18960987,-0.14112513,0.57839227,0.06570628,-0.06890864,0.06761349,-0.74935514,-0.22075453,0.3540576,1.0880072,0.1557494,-0.37823507,0.26040423,-0.21284355,0.026578696
1467,-0.47325242,-0.24284163,-0.2580977,0.03686445,0.21704759,0.13996258,-0.07778425,-0.84808385,0.0031077059,0.6686247,-0.03047016,-0.31967983,-0.36080384,-0.111004315,-0.68669933,-0.4206355
1795,-0.26353624,0.0052559846,-0.24376826,0.66120297,0.34753188,0.5841189,0.14415222,-0.6952859,-0.032090347,0.07060052,0.6334142,0.064767376,-0.6236239,0.17367181,0.019664438,-0.5676545
1287,-0.21557216,0.937179,-0.6658758,0.27222958,-0.13799775,-0.232352,-0.11483938,-0.4217946,-0.51161486,0.3049971,-0.054862678,-0.18329242,-0.40931585,0.1836098,0.04293995,-0.8827973
0,0.2798574,0.37542054,0.059667103,0.12922472,0.04833111,0.08116249,-0.6715793,-0.5475111,0.028866991,0.18401767,0.85725576,-0.5353252,-0.40275896,-0.40337378,-0.014584263,-0.38236266
834,-0.24628343,0.0968093,-0.80348635,0.093494855,-0.3066866,-0.085700415,0.11192781,-0.8493321,0.1355173,0.6502698,0.32849857,-0.40589428,0.018450264,-0.058900528,0.80864495,-0.78527564
1473,0.2328775,0.2992216,-0.29985353,-0.013540694,-0.48718974,0.46475297,-0.13586698,-0.67993635,0.32674602,0.39311352,0.82295424,-0.19709903,0.23308124,0.5207977,-0.7486522,-0.44504943
1586,-0.13267073,0.18277737,-1.0720953,0.27927226,0.28582954,0.4054236,0.20546442,-0.8200822,-0.33794197,0.43700683,0.20040733,-0.030141542,-0.20913155,-0.48392892,0.3982561,-0.56623393
1169,0.3254517,-0.11613388,0.42692786,-0.1439078,0.2652952,0.50576705,0.26676401,-0.7239979,-0.5710039,0.6459204,0.00387674,-0.6762818,-0.6749459,0.70366853,-0.23682368,-0.5105309
1491,0.29591036,-0.21147102,0.37436792,0.42693603,-0.39935172,0.5662871,0.34471026,-1.0521349,-0.92763996,0.22687657,0.37329924,-0.59794235,-0.28056967,-0.24028167,-1.1760722,0.099645175
515,0.38427168,0.34661037,0.31055325,-0.018728796,0.05537148,0.37585464,-1.056724,-0.8004644,-0.40340775,0.5880497,0.61668766,-0.67878133,-0.23064217,-0.12889653,0.3083276,-0.03282204
1960,0.28835794,0.071797,0.15401885,0.94314593,0.012250653,0.4913815,-0.09945707,-0.7868614,-0.028208787,0.3354613,0.6253266,0.1608725,-0.13265611,0.27078608,-0.40015516,-0.1640513
914,0.13265151,0.22629574,-0.37426564,0.9796639,-0.17559618,0.33498642,0.29089427,-0.30829835,-0.43327302,0.2158532,0.83453554,-0.3579056,-0.30422089,0.52216667,-0.7733737,-0.01139667
44,-0.1418041,0.30951872,-0.015188211,0.36008316,-0.34186864,0.1714139,-0.26174736,-0.6835072,0.2760935,0.09101613,0.8063826,0.04049416,-0.4030682,-0.07952083,-0.3811755,-0.7183287
1742,-0.11492507,-0.16926476,0.31191424,0.86992204,0.028594563,0.4373654,-0.0748307,-0.68100756,0.35722324,0.5973446,0.72917134,0.24664594,0.19050387,0.21729091,-0.3612403,-0.7211117
930,-0.05904562,-0.20763476,-0.39623082,-0.18207864,-0.29887795,-0.2473181,-0.28007695,-0.68214434,-0.3190535,-0.3396005,0.15228088,-0.853873,-0.24864972,0.8163468,-1.0064349,-0.59642667
1785,-0.321316,-0.077533856,-0.21969485,-0.09141174,0.41496882,-0.7022922,-0.05881934,-1.1314875,-0.3085728,0.3704991,0.9734988,0.13771088,-0.46266985,0.17521712,-0.2004133,0.2535086
1077,0.5751779,0.10489126,-0.112955876,0.010717163,0.41427523,0.20859203,0.17329669,-0.5732101,-0.508719,0.5609043,-0.151695,-0.4965311,-0.37323746,0.5232865,0.008684145,-0.75893295
450,-0.07992639,-0.34792432,0.093444124,0.44442457,0.05440748,0.15907665,-0.26929516,-0.71758705,0.12019247,0.33777025,0.96886486,0.073671594,-0.25570285,0.16822056,-0.09245459,-0.30509746
1482,-0.4303852,-0.09661758,-0.22312248,0.014994134,0.16899464,0.1618785,-0.026026277,-0.8561357,-0.14338173,0.59421664,-0.0100123985,-0.39595512,-0.3134739,-0.1264612,-0.6442567,-0.45308834
1530,-0.44247568,0.2308481,-0.36694622,-0.0018278846,-0.079011746,0.23776342,-0.09118523,-0.8002391,-0.5249324,0.6867527,0.066979825,-0.32634452,0.025369607,-0.44458213,-0.44876364,-0.36954194
799,0.30066192,-0.3008315,0.27933595,-0.28479698,0.0900494,0.44913298,0.034582056,-0.44530654,-1.1773773,0.6666519,0.15436159,-0.55021137,-0.26893586,0.42454398,-0.16781774,-0.73724526
1826,-0.56354445,0.6207484,-0.3240743,0.56415236,-0.7905773,0.45843494,0.24015391,-0.85388374,-0.36911622,0.69819003,0.059555393,0.19916134,-0.5905074,-0.5245324,-0.55571085,-0.5903319
401,0.59484017,0.13037898,-0.24067275,0.23485501,0.23037094,-0.18643351,-0.29911533,-0.35430315,-0.47579694,0.2503487,0.41029766,-0.36055112,0.027984885,-0.19404712,-0.013402181,-0.7178641
1816,-0.29709542,0.59326476,-0.04073836,1.0533268,0.19494562,0.63503575,-0.48000643,-0.49851984,-0.56319034,0.21394685,0.15095621,0.035752226,-0.25059092,-0.25142205,-0.8941523,-0.31786072
1777,-0.33559498,0.48835945,-0.15650892,0.3410946,0.035731502,0.14961492,-0.10584767,-0.84723336,-0.3524593,0.1731359,0.33640257,-0.3677836,-0.29816094,-0.0767912,-0.5380641,-0.2656453
1706,0.087600075,0.0039322,-0.57306737,0.41903442,0.42936376,1.4852177,-0.53400147,-0.120851465,0.026133383,0.797977,0.44394568,-0.8288823,0.16367228,0.14571877,-0.95017487,-0.25880414
1793,-0.24030615,0.3544189,0.21330583,-0.35472488,0.5797122,0.3799355,0.103587,-1.0107676,0.21914628,0.5824645,0.10108167,-0.7423905,-0.061644096,-0.12569422,-0.08707804,-0.80326635
1780,-0.15209089,0.29569933,-0.58558035,0.70449924,-0.23846507,0.8877982,0.6841689,-0.8772206,-0.9595906,0.66782176,0.68949074,-0.44363472,-0.22173259,0.27432248,-0.34223214,0.5151104
533,0.40117463,0.5011186,0.06738716,0.20691286,0.1424465,0.23751824,-0.83578736,-0.65694386,-0.45969245,0.68425584,0.28168732,-0.7179279,-0.16581298,-0.043872505,0.075692005,-0.024572955
1736,-0.33336046,0.13972524,-0.3951529,-0.06780082,-0.06379399,0.21508306,-0.027320875,-0.84879786,-0.26654115,0.7845383,0.13007264,-0.31418166,-0.09976064,-0.3750023,-0.37376425,-0.3421389
162,-0.18120028,-0.6643111,-0.35842904,-0.187367,0.047423236,0.32444167,-0.7963056,-0.69045365,-0.32277614,0.5751929,0.2183804,0.16111742,-0.2894489,-0.13637091,0.53306335,-0.8628051
1762,-0.13239254,0.17486846,-0.35957035,-0.2731951,0.00069273263,-0.27665186,0.14697672,-1.3326102,0.23736455,0.5282794,0.8358165,0.437754,-0.382223,0.40003324,-0.19631885,0.010528846
1630,0.21354422,0.06125106,0.29876152,-0.09690311,0.062330365,0.47507042,0.2687791,-0.62931377,-0.7818766,0.9377852,-0.22088224,-0.8109053,-0.49804,0.6943583,-0.21481554,-0.48452
1727,-0.08257049,0.3088013,-0.15526648,0.3707874,-0.23275906,0.44237,-0.42301965,-0.47741684,0.05110835,0.058493614,0.5305319,0.1784401,-0.051443335,0.052613493,-1.0533019,-0.84594876
590,0.46839026,0.2417214,-0.22943318,0.31485045,0.17902528,0.71482706,-0.45846155,-0.50790346,-0.34307086,0.52395517,0.5790464,-0.30645427,-0.18059675,0.31700054,-0.14436586,0.030156212
1030,0.1786441,-0.38115644,-0.69688445,0.051697105,0.062931426,-0.09530263,0.38296816,-0.8489373,-0.20076783,0.52404654,0.38053644,-0.42703953,0.13588029,-0.031249207,-0.16210721,-0.3906672
1623,0.4316092,0.0022744199,-0.63364804,0.20494804,0.3513806,-0.54631007,-0.11292291,-0.90555865,0.11058586,0.09530283,0.04695305,-0.23556496,-0.1931229,0.64811933,-0.5386696,-0.2154137
1406,0.096135184,-0.7509891,-0.775339,0.5956977,0.15910786,-0.26396343,0.63689077,-0.8491383,-0.3723018,0.74873227,-0.011330414,0.03689987,-0.36046296,-0.2890524,-0.27841657,-0.42576516
1772,0.06970372,-0.51179326,-0.19517511,0.59977067,0.030804375,-0.59865755,-0.07312691,-0.54208696,-0.81424916,0.8556275,-0.50100243,-0.3894865,-0.84512657,-0.21932945,-0.26274386,-0.4785003
842,0.5267371,-0.051927377,-0.8182426,0.14990799,0.08095737,-0.12899444,-0.093539186,-0.6942846,-0.29464078,0.48254147,0.28856376,-0.1520674,-0.094306,0.16350946,0.21958603,-0.42053214
1681,0.21617003,-0.13413177,0.2522597,0.031759933,0.03189141,0.36405754,-0.13903375,-0.7626789,-0.5604526,0.33237526,0.41952038,-0.46127358,-0.37431234,0.5079572,-0.21657044,-0.32702872
1748,-0.003503404,0.4071433,-0.1849819,0.4329794,0.2769987,0.10672683,0.23732197,-0.5976154,0.3339958,0.06608333,0.87955123,-0.15333939,-0.6001548,-0.07787444,-0.22372222,-0.70553505
1511,-0.42866048,0.08142986,-0.42504176,0.17397639,-0.090639584,0.6815541,0.11905676,-1.151231,-0.032298353,0.2477904,0.49376017,-0.21593766,-0.36650124,-0.06983965,-0.038738087,-0.22511315
1552,0.86408097,-0.045396436,-0.89521956,0.10600559,0.428177,0.109500036,0.36928573,-0.9270898,-0.28486636,0.37726995,0.026072605,0.1374397,-0.039110836,-0.082398206,-0.1693131,-0.5047093
1149,-0.068540685,-0.1647503,-0.4648647,0.08974836,0.24303561,0.16648029,-0.29506788,-0.39944613,-0.46615133,0.020010814,0.67280805,-0.21658057,0.005318201,0.27806842,-0.53341967,-0.38660145
1144,0.16607754,-0.72659844,-0.5951605,0.63403857,0.3267144,-0.31171578,0.26735562,-0.7751055,-0.7344984,0.58100075,-0.0087646665,0.16481273,-0.5088757,-0.17763934,-0.029526781,-0.29781434
1599,-0.3605822,0.13805676,-0.44054776,0.023868004,-0.23393084,0.40986952,0.010770837,-0.81309557,-0.34781307,0.68657833,0.02133991,-0.52243453,-0.18795486,-0.24064578,-0.33834046,-0.3353362
910,0.13757627,0.22573793,-0.24395044,0.9379894,0.043155335,0.4973778,-0.23710544,-0.46568605,-0.5502825,0.33723876,0.39816162,0.29337254,-0.20074819,0.22146155,-0.8852187,-0.23172611
993,0.06733733,0.19162582,-0.58652204,0.6748716,0.15322521,-0.37542832,-0.17263906,-0.27613223,-0.54348624,0.18251967,-0.5004734,-0.5546635,-0.84863657,-0.44950107,-0.055464704,-1.1015269
1744,-0.2819682,0.0996035,-0.23010987,0.18923655,-0.08488322,-0.1691167,-0.095307454,-0.5128883,-0.5503415,0.92172104,0.01884263,-0.4879033,-0.15422493,-0.019536562,-0.08801181,-0.52182376
1486,-0.6200889,0.30305704,-0.32810584,-0.010896718,0.5396786,-0.08603433,-0.08547743,-0.5944702,-0.6194934,0.0012072893,0.14043036,-0.43219453,-0.47662798,-0.3360465,-1.2824403,-0.4560421
1048,-0.20458785,0.3673211,-0.43262953,0.2778668,-0.1561531,-0.29610175,-0.13315801,-0.38649833,-0.5690456,1.0069647,0.09127372,-0.64180684,-0.036484893,0.16567785,-0.20628953,-0.25430265
1759,-0.23140235,-0.35672194,-0.33390307,0.37310258,-0.19120875,-0.2154879,0.52328604,-0.816162,-0.7045037,0.6251092,0.4727058,0.17348593,-0.5403075,0.1900547,0.017450914,-0.29003823
1575,-0.31692904,0.11959804,-0.5253068,0.0037103265,-0.10028008,0.227744,-0.09638332,-0.85839707,-0.46501887,0.74712384,-0.10445071,-0.47688398,-0.02523959,-0.376597,-0.46890754,-0.2943658
845,0.5321488,-0.32824653,-0.518064,0.32797167,0.40926814,-0.080570824,-0.42361248,-0.37134612,-0.46920568,0.29798207,-0.17966188,-0.6878592,-0.6026702,0.44482854,0.035970185,-0.5857453
1799,-0.5476208,-0.06337999,0.007754394,0.86110157,0.18733318,0.028993519,-0.38369703,-0.5876157,-0.035689197,0.10649952,0.41711614,0.1871833,-0.029800337,0.31966668,-0.35006192,-0.7045845
1484,-0.5473891,-0.004541279,-0.043473344,0.74862903,0.1215329,-0.22348756,-0.00088798575,-0.6102684,-0.080663376,0.59514505,0.52917904,0.16439237,0.10892204,0.48608777,-0.30838424,-0.39823902
1670,-0.13806467,-0.13733272,-0.9284858,0.29472116,0.66743076,-0.2798895,-0.44403452,-1.1673878,-0.20190594,0.19642211,0.03873279,-0.42922086,0.7801373,-0.0020358174,-0.5782936,0.057086494
1747,0.1310462,-0.17372203,-0.55933803,0.12948479,-0.0057170712,-0.15942441,-0.23914474,-0.6389061,-0.15034205,0.45590606,0.36003044,-0.18495068,-0.2769701,-0.04505666,0.04925267,-0.5164797
483,0.1401524,-0.3297458,0.3981378,0.28003317,-0.2723242,-0.032978836,-0.56880736,-0.5711365,-0.13453098,0.17974705,0.7126636,-0.032021645,0.091176145,0.016878946,-0.40724197,-0.8725228
1620,0.59391665,0.19417429,-0.6467667,0.8540307,0.23295303,-0.042455178,-0.2095938,-0.7452603,-0.17812276,0.52085596,-0.0164886,0.18693991,0.105051704,0.3166972,-0.60978055,-0.0369697
1404,-0.23253858,0.030488152,-0.34349048,0.098456554,-0.0063341786,0.262737,0.08698831,-0.78358483,-0.46989587,0.6727193,0.14279343,-0.630608,-0.095492944,-0.34128517,-0.39727598,-0.27080256
1597,0.23181178,-0.5029344,-0.35319793,-0.2252136,-0.017054422,0.011121931,-0.37043437,-0.679276,-0.5254288,-0.056545705,-0.14328222,-1.0318916,-0.698048,0.055947926,-0.54147345,-0.58956236
1702,-0.0037911797,0.06253356,-0.0731591,0.45741668,-0.3170571,0.63324136,0.22657244,-0.9753167,-0.015495156,0.6347962,0.44339636,0.56434786,-0.6092907,0.24577677,-0.375213,-0.3790493
1566,-0.022437483,0.26165465,-0.35615414,0.3399865,0.06335425,0.5684099,-0.319299,-0.49312514,-0.5879743,0.9541961,0.20096093,-0.46172565,-0.12009784,0.04951135,-0.20033911,-0.065031424
1519,0.39965355,-0.063588105,-0.021375678,0.08051021,0.50333744,-0.35477927,-0.21183823,-0.35291794,0.18664908,1.0098879,-0.021725174,0.13722996,-0.44730186,-0.0025294968,-0.6614763,-0.8879105
1010,0.32368273,0.6327331,-0.35665247,0.39507705,0.5084438,-0.27738506,-0.08995652,-0.345099,-0.32229158,0.18859054,0.24878103,-0.28567418,-0.24721424,0.059343364,0.08847755,-0.7937027
1746,-0.62273794,0.106543355,0.118170805,-0.22162127,0.16506402,-0.63797563,0.74835247,-1.4936545,-0.01964472,0.34327692,0.8695814,-0.2551093,-0.7575099,-0.07774146,0.24295326,-0.14750442
755,-0.24008851,0.71347725,-0.23240532,0.34791014,0.17374083,-0.54367405,0.027667435,-0.515703,-0.25082347,0.45874494,0.1526003,-0.7081887,-0.71971166,0.109220326,-0.7494482,-0.16835044
1507,-0.3060639,-0.029871311,-0.4233269,0.07922127,0.031803776,0.29575092,-0.11662554,-0.9149825,-0.36425546,0.7799364,0.02636879,-0.41488144,-0.0999613,-0.30356294,-0.3567931,-0.09094616
1708,-0.40987703,-0.06613949,-0.21720344,0.15607062,0.16653652,-0.03310801,0.14283323,-0.75143725,-0.26535267,0.5684076,0.1741837,-0.363893,-0.2907753,-0.07325927,-0.4335893,-0.4565862
1503,0.3377767,0.01315557,-0.16763711,-0.030218659,0.6517895,-0.5184433,-0.32321098,-0.29929024,0.483614,1.2320448,-0.06481175,0.11358241,-0.67818385,-0.108230785,-0.39512485,-0.9039474
1346,-0.22570302,-0.25083724,-0.50014126,0.50074536,0.48838314,0.1700239,-0.008039497,-0.29402766,0.12190399,0.43101233,0.4826836,-0.92394596,-0.5696226,-0.3581856,-0.39297575,-0.3724707
686,-0.04735267,-0.047163703,-0.85479635,0.30638856,0.41928595,-0.5313698,-0.25905845,-1.0575948,-0.31416425,0.28375486,0.24399218,-0.17432237,0.20090394,0.2657472,-0.18587483,0.09383917
1465,0.06902484,0.33879519,0.26177928,-0.048693717,0.5163674,-0.14426243,0.22539154,-0.42367563,-0.8819388,0.35195124,0.6763969,-0.053523075,-0.6911557,-0.24691181,-0.47543553,-0.6053043
1650,-0.29284075,-0.18752562,-0.69995046,0.45788267,-0.5042842,0.33751085,-0.21263553,-0.3387965,-0.33004087,1.7983141,-0.12845092,-0.39516002,-0.32755545,-0.767551,-0.04536637,-0.37152725
1054,0.53273433,0.16835064,-0.06644315,0.21207482,0.34972677,-0.40719235,-0.48209062,-0.37074217,-0.49030587,0.7270078,0.33549675,-0.030847749,-0.11650192,-0.4013531,-0.35533622,-0.5133176
1426,-0.31932917,-0.35274875,-0.40543708,-0.056356363,-0.14909996,0.33417943,-0.5263342,-0.69232047,-0.611406,0.86356574,0.0054344544,-0.15428501,-0.18032296,-0.27497983,0.36309716,-0.73327965
1527,-0.07422754,-0.41618815,-0.28102398,0.8342823,0.70107496,-0.47176823,-0.57647395,-0.60143715,-0.429618,0.40911102,-0.2275785,-0.014622952,-0.7280262,-0.1130684,-0.30460352,-0.29126
1434,-0.18973807,-0.98469025,-0.17235419,0.34041193,0.06661709,0.71608377,-0.47231072,-0.5932622,0.23741156,0.86709195,0.7307704,-0.08501743,-0.22213629,0.3008576,-0.18827184,-0.27315307
341,0.80535513,0.07474715,-0.60907954,0.17817384,0.14030254,-0.14543623,0.016687559,-0.76291573,-0.07794346,0.6042407,0.018004458,-0.20682907,0.04778739,0.15628494,0.041904263,-0.4823739
1833,-0.55362445,0.2915476,0.11053795,-0.43079597,0.5765156,-0.5008439,0.269388,-1.0585179,-0.6227633,0.27939585,1.0676801,0.42129114,-0.8204948,-0.13895828,-0.49040508,-0.12530212
1280,0.18950994,0.42175907,-0.67207706,0.24664845,0.85216117,-0.3442861,-0.039950024,-0.11540785,-0.64305377,0.38875085,0.8904966,-0.51894283,0.38005984,-0.7252989,0.041932784,-0.6962585
898,0.24134172,0.34969658,-0.75736046,0.21505556,0.77104324,-0.40185982,0.12480862,-0.11031511,-0.62281585,0.59083474,1.044499,-0.6799191,0.54772156,-0.67240965,-0.1470107,-0.49329367
1658,-0.34977344,0.0870553,-0.2912304,0.046982072,0.00060779596,0.11403099,0.029669307,-0.891632,-0.45510304,0.7114856,0.055607658,-0.56766844,0.029622715,-0.24620713,-0.3840117,-0.2526954
111,0.53444874,0.14481354,-0.32373142,0.18214339,0.7599769,-0.098923564,-0.15809305,-0.20235656,-0.3477795,0.4522202,0.55737215,-0.5340965,-0.043599363,-0.15424818,0.053065002,-0.56591785
728,0.47153693,0.58841455,-0.21670204,0.15174425,0.19240157,-0.037690744,-0.4836921,-0.41530034,-0.15391514,0.66331726,0.31962776,-0.23068516,0.16881499,0.3290569,0.26954833,-0.72945666
1224,-0.12092073,0.11718735,-0.52467597,0.2547486,0.3314038,-0.26346672,-0.15949367,-0.75830066,-0.17243135,0.035364795,0.54912996,-0.037913345,-0.06437917,-0.11517796,-0.17147003,-0.5005883
1114,0.19292904,0.1261564,0.55740505,0.7927773,0.49099055,-0.13422386,0.33686262,-0.9248012,0.29752368,0.10969468,0.36497188,-0.5070366,0.70067817,0.3230151,-0.12825568,-0.8962999
1457,-0.36752588,0.14698453,-0.40062135,0.20348465,0.15976314,-0.007861811,-0.046057038,-0.5143177,-0.44295114,0.3551068,0.34905764,-0.28349757,-0.21170554,0.19881336,-0.5354646,-0.5153408
395,0.50506467,0.5090885,-0.30862868,0.19409868,0.6387912,-0.3786323,-0.28965878,-0.2578676,-0.13323359,0.6955441,0.39828008,-0.18500897,0.09480002,-0.105314374,0.113438234,-0.73366016
66,0.44407314,0.37007055,0.19588235,0.09898453,0.37201947,0.31324288,-1.1164771,-0.6738849,-0.34407663,0.54267216,0.5130677,-0.6062544,-0.27430862,-0.1961787,0.21339434,-0.05161276
1615,0.25119135,0.18136428,-0.25521472,0.9286712,0.10773523,0.6229863,-0.43123674,-0.5476768,-0.47572204,0.65010196,0.31460258,0.53034824,-0.24153258,0.309618,-0.6282893,0.0010180059
1704,-0.5039166,-0.15595207,-0.19855046,0.17036946,0.04557754,0.19520272,-0.26747382,-1.0628326,0.15861833,0.5014049,0.024919912,-0.006708539,-0.035572372,0.058260906,-0.5136486,-0.53715974
1754,-0.3098771,0.028583314,-0.43095276,0.16002643,-0.03801725,0.2768389,0.025050491,-0.73516023,-0.37249085,0.79788035,-0.028973999,-0.3978705,-0.1307302,-0.31329525,-0.43708324,-0.33790547
1810,0.59654474,0.10744948,-0.42564425,-0.30666363,-0.45283157,-0.2103926,-0.17619,-1.2033498,-0.7733852,0.22346549,-0.25591832,0.07293778,0.034439478,0.0966114,-0.04528614,-0.7023783
971,-0.0814701,0.152486,-0.25216544,0.4202405,0.04215239,0.0780022,-0.36732447,-0.37676212,-0.637499,0.47229642,0.43746975,-0.27436996,-0.2543315,0.65211254,-0.0064514056,-0.3167196
1749,-0.3701229,-0.29464427,0.51857805,0.11441481,0.8348674,0.22487383,-0.12811673,-1.5374844,0.74303347,0.3287283,-0.3415314,-0.7928863,0.36909696,-0.025716217,-0.3143413,-0.8658055
1648,-0.28143853,-0.2850818,-0.34058958,-0.14868128,0.09454301,0.0763409,-0.0648806,-0.8253329,-0.045038745,0.70687425,0.05554366,-0.39435923,-0.25225562,-0.20114203,-0.5976791,-0.46825963
831,-0.04200468,0.2895407,-0.66558915,0.16499834,0.37990564,-0.6828281,-0.16451605,-0.7824182,-0.34875336,0.55091065,0.09779626,-0.52521324,0.12970904,0.4552089,-0.54832804,0.07416535
1741,-0.48670545,0.5436655,-0.5096993,0.10342147,0.008344467,0.048738,-0.23337948,-0.6822374,-0.77188706,0.6135477,-0.15206437,-0.316052,-0.061560657,0.34285375,0.097916014,-0.5097025
752,0.20933467,0.22957847,0.2494443,-0.24342827,0.80859727,-0.019260935,-0.089041494,-0.47602928,0.40898913,0.6803615,0.4547812,-0.25255233,-0.30143407,-0.09708174,-0.34976217,-1.0150919
1543,0.24851306,-0.39444265,-0.02318074,0.15866502,-0.0012125468,-0.09150472,-0.50911665,-0.50327855,-0.5955367,0.14458802,0.5289285,-0.016049817,-0.18608178,0.22734036,-0.18098912,-0.7623692
1680,-0.3538598,0.028993463,-0.43780544,-0.11949519,0.07452923,0.18498318,0.034697816,-0.88413274,-0.5243711,0.79141915,-0.08657181,-0.46608302,-0.1995763,-0.31863165,-0.33631766,-0.28377473
1556,0.25233048,0.20422973,-0.98433256,0.30486554,0.35871252,0.25369424,0.082656555,-0.68886983,-0.20196384,0.35194787,0.3382306,0.0817644,-0.12996088,-0.20474061,0.62541485,-0.64818853
2066,-0.3642483,-0.08461682,0.104558505,0.75985163,0.11807229,0.07825271,-0.41307166,-0.6875781,0.19584975,0.2842127,0.5683797,0.24652731,0.14343132,0.42888236,-0.5063801,-0.6579515
1573,-0.27450827,-0.12364224,-0.16953272,0.021494789,0.08338466,0.15579583,-0.1221944,-0.7765517,-0.14420766,0.57809025,-0.03492304,-0.41542763,-0.32159942,-0.18441723,-0.64577043,-0.4540539
82,-0.26835394,0.32284737,0.025192598,0.45213088,0.23083538,0.18836614,-0.07754079,-0.8429413,0.12701084,-0.012493338,0.9046956,-0.13048765,-0.7133056,-0.04031869,-0.16375008,-0.22189699
1591,0.313793,0.27740902,-0.5236233,0.16017313,0.31647435,-0.064096265,-0.099634975,-0.46473843,-0.7338427,0.5305149,-0.24120316,-0.61957717,-0.28587443,0.69854075,0.11844426,-0.5975948
272,0.5215599,0.38757402,0.1792715,0.061734997,0.7005535,-0.28493625,-0.625608,-0.28768098,-0.49844176,0.82768846,0.64881116,-0.16825052,-0.16007102,-0.5775199,-0.05098358,-0.46032542
1449,-0.090639785,-0.27443528,-0.391427,-0.04148292,-0.05146659,-0.31702453,-0.40311655,-0.7718648,-0.13758485,-0.086549036,0.10119825,-0.70263857,0.018889261,0.565594,-0.7915859,-0.54493606
1532,-0.31037602,0.3049387,-0.3462785,0.11636809,-0.15375023,-0.07154197,0.06739911,-0.67761844,-0.47810316,0.8130318,-0.03792837,-0.47997764,-0.116304874,-0.15085043,-0.21454304,-0.42008573
1794,-0.6397288,0.005097912,-0.5355522,-0.42153978,0.50139254,0.3688953,0.09795658,-0.502079,0.12109515,0.26457897,0.5442386,-0.5840524,0.064804144,0.38779616,0.09457163,-1.2275506
1146,-1.1055332,0.027893966,-0.4495762,0.4734643,0.31688857,0.63739777,-0.44872245,-0.5351709,-0.26893982,0.0050268294,0.3422182,-0.26343063,0.08396432,0.45170864,0.117185295,-0.88378495
1786,-0.34956962,-0.029782854,-0.4789385,-0.047189575,-0.07839678,0.30341527,0.0027268447,-0.78517455,-0.61660534,0.74898165,0.005377756,-0.37630194,-0.2689552,-0.43307,-0.49061146,-0.23382975
688,0.37227914,-0.10172552,-0.5312707,-0.22316584,0.3919424,-0.19342369,-0.13277438,-0.11000287,-0.38459188,0.67072856,0.33960778,-0.47456542,-0.25518435,0.5333467,-0.29661846,-0.73591405
1485,0.13492446,-0.083009236,0.071209215,0.3039379,0.26110855,-0.2296214,-0.052227046,-0.33101672,0.44884068,0.7176176,0.49718094,0.14401838,-0.3465539,0.40138817,-0.65084726,-0.8443296
1694,0.18063089,0.03973166,-0.038239945,-0.14619929,-0.22579086,0.048311777,-0.27066824,-0.66310364,-0.8249105,0.39207825,0.27047065,-0.16768463,0.02397199,-0.21100546,-0.15916103,-0.82639456
1790,-0.3761429,-0.033330407,-0.3868075,0.032391623,-0.06412607,0.34701455,0.17303424,-0.7949747,-0.39064094,0.6603856,0.23124202,-0.4354005,-0.15488163,-0.27118453,-0.49285367,-0.27736327
1453,-0.2070193,0.12329143,-0.27271742,0.549033,0.10629641,0.40478444,0.026195843,-0.47844502,0.009390431,0.12755424,0.7818749,-0.30903396,-0.39410982,0.48559022,-0.077740744,-0.42580816
1521,0.45461798,-0.3046991,0.40295538,0.4114706,-0.4870994,0.650353,0.25721356,-1.0844339,-0.8753071,0.069057606,0.51480883,-0.639486,-0.29817644,-0.13092832,-1.058608,0.07980014
1454,-0.343738,0.02829256,-0.3088346,-0.06595351,-0.002402097,0.21892072,-0.13226637,-0.71852916,-0.51235855,0.8149067,0.09968065,-0.3444649,-0.18402639,-0.41673383,-0.5235154,-0.24594457
1614,-0.2859348,0.78460056,-0.08241741,0.39307007,0.2544527,-0.46741548,0.15967686,-0.55236065,-0.036159165,0.24247965,0.37947264,-0.71287316,-0.85773903,0.1527201,-0.9098426,-0.17773327
211,0.4956123,-0.24817064,0.17674467,0.05718314,0.29049224,-0.06174077,-0.57839453,-0.63285136,-0.35029975,0.15555169,0.5867211,-0.39008403,-0.22747886,-0.27843732,-0.11722355,-0.5371892
547,0.374705,0.16008268,0.2974711,0.016328698,0.32682225,0.22089249,-0.867815,-0.8167831,-0.3390004,0.19900016,0.5465747,-0.61639565,-0.26818287,-0.04456881,0.18233013,-0.22072323
1760,-0.33429483,0.39778593,-0.27050465,1.0849026,-0.017695554,0.06294153,-0.15413296,-0.44242987,0.077831395,0.011563127,0.48398432,-0.06703698,-0.72822624,-0.11813985,-0.576002,-0.51091254
1101,0.08515154,0.43760806,-0.4867318,0.3090429,0.26173893,-0.4100305,0.12176348,-0.40654492,-0.7646463,0.7596554,0.41159928,-0.61628246,0.39029542,-0.5241281,-0.3816341,-0.3126734
1508,-0.33500874,0.2033965,-0.20561238,0.15062103,0.046655834,-0.25282156,-0.0071552456,-0.6607733,-0.47941962,0.8654605,-0.0626777,-0.51235324,-0.13597885,-0.311148,-0.28636515,-0.42090023
1252,0.49359846,-0.26423424,-0.2969695,0.20391983,0.185103,-0.21116889,-0.50822884,-0.44969878,-0.58500475,0.24351434,0.06413689,-0.35770085,-0.39054686,0.30887347,-0.09137612,-0.6562099
573,0.21771075,0.3444506,0.30092075,-0.072341226,0.22261047,0.33658704,-1.1327487,-0.75961185,-0.48708335,0.63398975,0.737037,-0.5306921,-0.33882186,-0.19084404,0.21989846,0.07470812
209,0.1899613,-0.0841823,0.07582108,0.46362048,-0.42442045,-0.08652397,-0.44154355,-0.5378357,-0.20152104,-0.022184428,0.62002605,-0.15614793,-0.19964287,-0.24220918,-0.4341902,-0.86553305
941,0.31121853,-0.14371538,-0.16769144,-0.038012747,0.078790605,-0.018438129,-0.3702978,-0.42764342,-0.7206041,0.24691066,0.09640923,-0.61508316,-0.16619018,0.18625744,-0.31814852,-0.7666569
1757,-0.19608642,0.7480544,-0.42274013,0.45101255,-0.465333,0.73035824,-0.038699094,-0.6204731,0.07509561,0.31080556,-0.015576721,0.30049625,-0.5344998,-0.534562,-1.2848372,-1.0820189
1617,0.74660075,0.52103007,-0.20464586,-0.017614122,0.3544777,0.047131147,0.018032126,-1.2608384,-0.0068813455,0.6956314,-0.32801583,-0.019571042,0.15673837,0.15378942,-0.116176836,-0.4571741
1171,0.24094637,0.21622832,-0.60080457,0.128046,0.6887374,-0.43084595,-0.11341883,-1.0231175,-0.10283934,0.2915337,0.26043305,-0.41233736,0.59454125,0.21698293,-0.45491812,-0.014852846
1067,0.5461871,-0.36448368,-0.2434733,0.162639,0.34243643,-0.074800536,0.017258568,-0.54671896,-0.30352777,0.25590494,0.0051956475,-0.43994093,-0.64840466,0.54254395,-0.20853357,-0.64291316
1690,0.5609793,-0.4221372,-0.9688228,0.24198094,0.26124787,0.027436303,0.55226827,-0.7222078,-0.15624338,0.41407186,0.20634057,0.0040423484,-0.05575415,-0.19017607,-0.42900276,-0.6621392
185,0.13792245,0.57581997,-0.24595085,0.053189125,-0.12723449,-0.100180015,-0.44829956,-0.8198334,-0.37872493,0.5210897,0.12971497,-0.6932575,0.034867447,-0.26175222,0.04995021,-0.3404716
1721,-0.35851005,-0.13169895,-0.17064151,-0.024934128,0.20145436,0.07170527,-0.10125543,-0.7573648,-0.1459626,0.5792733,0.028197851,-0.34962183,-0.15413448,-0.14056036,-0.7613333,-0.5250324
1422,0.16459395,-0.41357738,-0.62336475,-0.0015415314,0.3840414,-0.30415064,-0.5194496,-0.5448505,0.114297695,1.0089769,-0.32145885,0.07568934,-0.7716703,-0.14837903,-0.03786771,-0.6993763
1580,-0.44891155,-0.4301402,-0.16733482,0.97872424,0.3580834,0.37438345,-0.068253994,-0.41968486,0.46430627,0.3851788,0.96820045,-0.5067331,-0.75677234,-0.066903695,-0.26148263,-0.21613042
1436,-0.3127662,0.12482447,-0.2767307,0.12499693,0.0023336648,0.059181575,-0.1455675,-0.67498606,-0.49580207,0.784674,-0.026081279,-0.5365283,-0.075368546,-0.19950765,-0.20905781,-0.42002496
154,0.1883301,0.012267843,-0.06263185,-0.029279597,-0.3597929,0.10694754,-0.24165744,-0.637943,-0.61089236,0.4093452,0.44633704,-0.45158607,0.034846626,-0.105699085,-0.11373094,-0.6052207
1687,-0.38762778,0.06915285,-0.37859038,0.012773799,0.012875499,0.311683,-0.087237045,-0.9160153,-0.30210644,0.62379676,0.043246627,-0.53299433,-0.15606837,-0.40402153,-0.36165312,-0.31242839
1696,0.0011913842,-0.55384815,-0.21311545,0.06630758,0.17311397,-0.18999755,-0.10347709,-0.7556062,-0.71517384,0.1872097,0.16925518,0.07343989,-0.3814872,0.1292193,-0.14309445,-0.76346546
1812,-0.38637105,0.10054484,-0.3950151,-0.06005223,-0.03163655,0.41879177,0.015292896,-0.9029488,-0.26438192,0.7386612,0.14786187,-0.4064868,-0.11621954,-0.28526533,-0.38131598,-0.27216974
535,0.36602923,0.12550503,0.2300971,0.17699572,-0.01466708,0.34819803,-0.86442584,-0.5917614,-0.22748472,0.42528287,0.8951411,-0.44927987,-0.051593065,-0.11952667,-0.009957944,-0.17706017
1678,-0.0058027552,-0.4410426,-1.0334636,0.029083354,0.043147475,-0.45523804,-0.38527572,-1.0090601,-0.024509868,0.26263228,0.048165288,-0.63332427,-0.22308691,-0.18087792,0.14951079,-0.25636262
946,0.47163627,0.08044315,0.41452035,-0.21003771,0.15360504,0.6012857,0.07090791,-0.5978676,-0.9529365,0.8322385,0.01392559,-0.71358764,-0.5171348,0.6612389,0.036031082,-0.4631069
1032,0.5998623,0.11477632,-0.5352725,0.20295301,0.47070342,-0.45177636,-0.25994924,-0.426962,0.17240344,1.1501894,-0.24449277,0.19659136,-0.38392243,0.30937025,-0.4987758,-0.5558855
1466,-0.15876284,-0.2287598,-0.18577236,0.4761889,-0.19261973,0.28866887,0.15987313,-0.36584082,-1.8727122e-05,0.92188233,0.32329473,-0.14138417,-0.15363035,0.12397833,-0.253884,-0.8207867
1165,0.031106504,0.4705782,-0.43592536,-0.24823382,-0.49095678,-0.6425004,0.07179694,-0.8301107,0.44586265,0.29422927,0.6360935,-0.40609345,-0.33360988,0.5282543,-0.6058648,-0.4602565
1479,0.19641805,0.7191484,-0.009061601,0.31637657,0.8997991,-0.38457456,0.29068524,-1.4217707,-0.3171269,0.027982345,0.029836137,-0.195219,0.5856837,0.20099176,-0.56888765,-0.16377054
1011,-0.18683192,-0.0014757809,-0.50822794,-0.08059498,0.43522048,-0.71846545,-0.10076407,-1.3069817,-0.28032067,0.3687867,0.52992195,-0.095523834,-0.019791774,0.34776607,-0.35999933,0.38966554
662,0.5564312,0.15355693,-0.48359662,0.0053297463,0.252494,0.0024419716,-0.07542335,-0.9394328,-0.3028481,0.65434134,0.24871673,0.30624968,-0.021551162,0.3746948,0.35238802,-0.43795177
5,0.024989404,0.08549896,-0.22685115,0.29883134,-0.45965222,0.07811797,-0.35914978,-0.6546823,0.0686829,0.108385414,0.723493,-0.011810996,-0.27554297,-0.20276119,-0.08351119,-0.7136224
22,0.43331003,-0.1520902,-0.47377405,0.23266828,0.5874287,-0.22270007,-0.53806984,-0.6250355,-0.21824384,0.2692956,0.3695753,-0.08455449,-0.40226853,-0.10854162,-0.06107394,-0.26155117
36,0.27707997,0.4871485,0.380135,0.27225998,-0.298678,-0.0734912,-0.40366724,-0.8733723,0.06590591,0.8410444,0.88138914,-0.62174475,-0.44681466,-0.5278049,0.08477011,0.108527094
41,0.18372495,-0.40144488,0.26419604,-0.1580543,-0.45540628,0.013777938,-0.39864764,-0.72994876,-0.5649322,0.24759103,0.80265594,-0.2660034,0.26551178,-0.5921205,-0.26341298,-0.78498334
53,0.19962423,0.18692496,-0.34587395,0.10680851,0.92959005,-0.1887347,-0.19182281,-0.38834277,-0.40920317,0.2221927,0.7493036,-0.4572827,0.07886101,-0.41234404,-0.11025923,-0.5251567
88,0.50407916,0.20468344,0.2341678,0.005194175,-0.10305771,0.09692694,-0.88775826,-0.6860835,-0.41092774,0.61495054,0.54693305,-0.72873074,-0.23704988,-0.030283626,0.11297783,-0.052738473
153,0.0977983,-0.37328172,0.02935989,0.28080866,-0.59719425,0.007251776,-0.51217604,-0.50959355,-0.24117398,0.047790945,0.7413066,-0.083019055,0.06924588,-0.09861392,-0.3969135,-0.90773255
200,0.3190259,0.4467024,-0.43646976,0.16278316,0.6127046,-0.3367404,-0.11801746,-0.21068071,-0.62823296,0.39844337,0.7990977,-0.612698,0.3669808,-0.4794716,0.005031582,-0.65573746
212,0.57494825,-0.044339538,-0.093949504,-0.1372924,0.54214525,-0.015857855,-0.3830658,-0.41861463,-0.66541076,0.33305612,0.4153821,-0.32085723,0.034008678,0.02667322,-0.048014123,-0.6840402
220,-0.12981385,0.32319212,-0.17490892,0.24153034,-0.0068607805,-0.3648742,-0.15952417,-0.5513062,-0.5444914,0.54832095,-0.069521695,-0.43095183,-0.091142535,0.09513168,-0.05258128,-0.47272342
222,-0.08524891,0.6797787,0.114083454,0.14689581,0.3594034,-0.003070571,-0.11168511,-0.79603875,-0.017353142,0.08211317,0.35543144,-0.56227195,-0.45135695,-0.24806228,-0.057701718,-0.6912795
245,-0.0043273247,0.38545746,-0.1119587,0.36504927,0.014652088,0.27738395,-0.06005865,-0.5846365,0.42614716,0.16981617,0.9691041,-0.2868736,-0.72064906,-0.09915199,-0.41723552,-0.45427302
287,0.5298848,0.5507658,-0.33129844,0.16958474,0.060510237,-0.0369645,-0.2695426,-0.80896515,-0.5073929,0.42821926,0.053223994,-0.4884318,0.15286434,0.34721172,0.33872855,-0.28887925
318,-0.06504402,-0.00015361808,-0.29637504,0.7670137,0.50212926,0.3444722,-0.09769062,-0.11407153,0.18217053,0.3217734,0.92193836,-1.1359544,-0.82612216,-0.4227862,-0.01339987,-0.29713508
327,0.51348513,0.387581,0.10497172,0.20075361,0.032345325,0.12007383,-0.9641904,-0.6394311,-0.40973282,0.36262703,0.32654962,-0.47100466,-0.08980787,0.1957923,0.04211261,-0.26289865
335,0.55741936,0.44375625,0.2662379,-0.055683482,0.41454646,0.3126368,-1.0011938,-0.506422,-0.4095456,0.6420331,0.5204216,-0.7221101,-0.21964958,-0.22974977,-0.07375158,-0.14203376
337,-0.20634387,0.4091526,0.25819737,-0.01789368,-0.17898874,0.0010876774,-0.090043485,-0.73210305,0.32611516,0.016257072,0.48468694,-0.9309764,-0.61440045,0.43936798,-0.46346036,-0.72113496
350,0.4268202,0.19261636,0.3453322,0.01623,0.19414835,0.22606187,-1.1145676,-0.670447,-0.49222437,0.5730329,0.6370005,-0.59183943,-0.2881315,-0.35259488,0.09463924,-0.013610293
372,0.10597494,0.3260604,-0.040427707,0.086612396,0.03286823,0.15506108,-0.88584167,-0.5878066,-0.51175296,0.5783367,0.46025327,-0.32505018,-0.3190267,0.20422396,0.16511887,-0.14675696
375,0.22359835,0.3155033,0.21707329,-0.009062547,0.15873423,0.6228068,-0.8735321,-0.8342798,-0.11211078,0.33367825,0.68720156,-0.4936962,-0.3926434,-0.044556793,0.43181437,-0.3063893
446,0.42765698,0.41924465,-0.057398807,0.103115514,0.6731229,-0.42943236,-0.25937584,-0.33293822,-0.53482175,0.325012,0.63991874,-0.3491126,0.035470575,-0.5284497,0.030432217,-0.7195324
459,-0.19873714,0.5957425,-0.00080631813,0.55681086,0.1298019,0.010402395,-0.17964785,-0.67162275,-0.13559656,-0.08032681,0.5421433,-0.22689648,-0.32152566,0.14957215,-0.42088503,-0.3061184
469,-0.10084036,0.5050469,-0.046332,0.21055962,0.730804,-0.050292626,-0.26814348,-0.95445186,-0.600422,0.027211012,0.32077602,0.16772641,0.26894256,0.15698978,0.27071303,-0.59834486
480,-0.09827554,0.07462712,0.04272996,0.5148293,-0.23741484,0.42892998,-0.36760175,-0.58263594,0.4731851,0.66294545,0.6984746,0.31225392,0.17272021,0.1530662,-0.4923412,-0.7769782
495,0.19927536,-0.18637043,0.16719311,0.15357214,-0.40959796,0.02459253,-0.15567443,-0.7554211,-0.20824835,-0.027136493,0.92368895,-0.16947347,-0.043714028,-0.17389017,-0.3298729,-0.7027659
498,0.039120086,0.08069278,0.16079457,0.770788,-0.36762667,0.114455774,-0.061342508,-0.7566946,-0.017890593,0.0022240106,0.9219367,-0.06876055,-0.27124816,-0.04718294,-0.43734837,-0.41526312
511,-0.3166597,0.08703133,-0.26260224,0.32688713,0.037052743,0.5504026,-0.027303984,-0.9837409,0.08107238,-0.096236326,0.81782156,-0.124531046,-0.35098144,0.21992338,-0.07268834,-0.25194195
559,0.39109856,0.25491902,0.31748363,0.4385315,0.3417666,0.39241394,-1.0515807,-0.92499876,-0.111786805,0.48563248,0.31474936,-0.6959783,-0.5930648,-0.5723871,0.037491243,0.10382821
592,0.17612109,0.17019805,0.3197914,0.29665896,-0.24827896,0.18237846,0.13626707,-0.6878046,-0.1766342,-0.049152322,0.67946196,-0.13845006,-0.5133252,0.31364462,-0.6269735,-0.626932
615,-0.001986497,0.046906117,-0.097255975,0.42916492,-0.13129497,-0.21674515,-0.23749888,-0.17111078,-0.35366094,0.8191148,0.21850446,-0.473111,-0.15446566,0.27285507,0.041426703,-0.52401966
624,-0.21730272,0.07940138,-0.33680066,-0.5213136,0.64273083,-0.076033786,-0.15291083,-0.5374222,-0.3028066,0.43331552,0.4119247,-0.38437665,0.022427185,0.18581556,0.31415802,-1.0017715
626,0.33936206,-0.621956,-0.6358937,0.19923487,0.18124965,0.01902912,-0.63544226,-0.5423405,-0.20189105,0.27781668,-0.176789,-0.5801628,-0.34052283,0.33047077,0.2791327,-0.7532998
657,0.047893085,-0.024646167,-0.6742944,0.2961566,0.07547502,-0.02298399,-0.7626784,-0.3673905,0.030750087,0.7579307,0.22664024,0.2614954,0.15708333,0.33786327,-0.18729968,-0.60734
678,0.056133173,-0.07532926,-0.7808277,0.54529834,0.22748068,-0.34719053,-0.73306465,-1.0064297,-0.14944056,-0.041753404,-0.017945454,-0.33716977,0.53345716,0.25719628,-0.27810866,-0.1541245
695,-0.49893233,-0.20077643,-0.024198411,0.5723551,0.057486605,-0.034297355,-0.1676711,-0.5984715,0.24939226,0.54524153,0.45449612,-0.15584628,-0.06352712,0.5210249,-0.37046987,-0.58105874
697,0.21415697,0.3729057,0.3514606,0.33595458,-0.1559525,-0.06785374,-0.30765858,-0.85479933,0.079598494,0.7723183,0.91398084,-0.543498,-0.39248595,-0.28226787,0.19681942,0.103177115
702,-0.12180577,0.3663866,-0.009656022,0.5072881,0.21789572,-0.23728606,-0.15958098,-0.6897469,-0.5858139,0.75082034,0.10069648,0.030265206,0.26044843,0.39173338,0.09972492,-0.4893289
716,0.3132294,-0.1305781,-0.11810812,0.36714694,-0.2112048,0.039239638,-0.17656744,-0.41218072,-0.31160542,0.21839413,0.56418085,-0.22959791,-0.25655544,0.12277256,-0.56218183,-0.60330445
721,-0.10476855,0.12711903,-0.53665847,-0.5017006,0.066014744,-0.40622565,-0.22034541,-0.3138823,-0.23569196,1.1162062,0.8879641,-0.3057544,-0.11248526,0.1426419,0.01189483,-0.34948853
742,0.1447782,-0.16245356,-0.43305096,0.3248551,0.12654467,-0.055939443,-0.10949372,-0.6242612,-0.1575661,0.21947007,0.41741225,0.21226205,0.03376703,0.2463079,-0.22422832,-0.6191809
770,-0.13436818,0.24623333,-0.52302814,0.15913166,0.044918686,0.004972456,-0.5055381,-0.42977786,-0.5288938,0.810179,0.17691323,-0.09259712,-0.1442108,0.5004713,-0.123073734,-0.30438697
776,0.3367094,0.037209675,-0.9288151,0.3518879,0.21886635,-0.20830923,-0.0055132066,-0.51100314,-0.17786609,0.41903126,0.3811019,-0.32249346,-0.07614151,0.20786178,0.39744332,-0.583227
777,-0.29000527,-0.40226874,-0.9688757,0.32821184,0.2512563,-0.067995496,-0.3737296,-0.989055,-0.4349399,0.20601498,0.13672823,0.005705051,0.277905,-0.30752394,-0.34739515,-0.27286395
782,-0.026245842,0.0153242415,-0.65375024,0.12873228,-0.3728916,-0.6196857,0.02532984,-0.5228256,-0.53552103,0.7420119,0.5645537,-0.6302407,0.067809135,0.02815786,0.032251477,-0.23439604
783,-0.43933883,0.5166971,-0.33106714,0.40806794,-0.026699089,-0.10227652,-0.2352145,-0.46674135,-0.56015563,0.54511577,0.15409392,-0.33462068,-0.21934424,0.21726055,0.024604565,-0.52232087
798,-0.20801842,-0.42007992,-0.9148484,0.20515712,0.3139607,0.054960422,-0.26528656,-0.7843263,-0.5404221,0.07016516,0.37597296,-0.06591868,0.29111543,-0.09693977,-0.47034743,-0.33804914
804,0.38184533,0.5069482,-0.24166045,0.332354,0.65346175,-0.3437493,-0.031422995,-0.69205654,-0.15014522,0.39337862,0.29278767,-0.16589625,0.110361315,0.5584634,0.50366145,-0.7208126
808,0.016703201,0.19288231,0.040927734,-0.3483191,0.6799526,-0.38458738,-0.42165133,-0.6545568,-0.4787034,0.768115,1.0051609,0.08617798,-0.4468509,-0.30795488,0.07409215,-0.057130776
811,-0.13728102,0.1302254,-0.4998405,-0.022788085,0.4765816,-0.24744377,-0.08740941,-0.9921436,-0.10031979,0.44918576,0.05481142,-0.539378,0.32290676,-0.01846331,-0.6788006,-0.18092342
829,-0.13581555,0.4768793,-0.36291778,0.11023046,-0.14951773,-0.22046582,-0.3431324,-0.5178008,-0.7415175,0.72484004,0.10491586,-0.38326213,0.045813896,0.46616307,0.13694905,-0.5045168
836,-0.23525928,0.21871997,-0.75262356,-0.10052806,0.13093506,0.03574634,0.29966658,-1.1684327,0.4980417,0.35113466,0.32959154,-0.69169396,-0.24361508,-0.19394006,1.018775,-0.7755072
850,0.011025992,0.3613682,-0.8761632,0.26221323,0.4029355,-0.56406164,0.20400286,-0.24279204,-0.6432722,0.624417,0.82199454,-0.7451822,0.5845166,-0.39974836,-0.1701416,-0.31678975
854,0.3229318,-0.2318744,-0.32019192,0.07591854,0.30947626,0.011928515,-0.09093884,-0.60198665,-0.2033353,0.22984424,0.4068955,-0.04220798,-0.09894912,0.37772638,-0.2531326,-0.508909
865,-0.46577367,0.5600162,-0.19794002,0.7199477,-0.67320615,0.45083192,0.3203861,-0.77728647,-0.08657287,0.40756747,0.23371767,0.37471214,-0.57685786,-0.2719308,-0.5931096,-0.8096817
869,0.080846965,-0.053918574,-0.767935,0.074540004,0.14400591,0.12977265,-0.45532513,-0.48171148,-0.0841357,0.676168,0.25712523,0.10601611,-0.041674647,0.21572728,-0.45407483,-0.5127009
900,0.103907555,-0.32385093,-0.30005443,-0.0046326076,0.3035874,-0.1788258,-0.11617034,-0.81480145,-0.7679229,0.18600094,0.08042654,0.050573997,-0.15277049,0.16114585,0.12890323,-0.72353613
903,0.28526106,0.3021815,-0.20845222,0.3066645,0.5737734,-0.43678936,0.027937213,-0.6947325,-0.09631044,0.30391702,0.40269303,-0.3285747,-0.40552133,0.30003375,0.36885798,-0.4706527
929,0.11178507,-0.2667983,-0.42261824,0.15953095,-0.3546445,0.24791823,-0.14059621,-0.51584655,-0.14769761,0.44344658,0.4575649,-0.06043186,-0.114175536,0.2939444,-0.33077592,-0.7450957
956,0.5309283,0.017454613,0.027119672,0.13771787,0.26170415,-0.17059287,-0.309839,-0.52059203,-0.57604504,0.15459311,0.28748503,-0.12178302,-0.060083505,0.05353253,-0.17189308,-0.75110346
964,0.39870533,0.036073845,-0.553544,0.5449195,0.030005272,-0.39150202,0.23615196,-0.38573912,-0.4243844,0.6981635,0.06336851,-0.59837884,0.023287913,-0.37394458,-0.0043473025,-0.6833607
1005,0.18947414,0.18906349,-0.22992657,0.29490358,-0.04355875,-0.38580367,-0.2123018,-0.08766184,0.3362562,1.6138918,0.046747018,-0.07391764,-0.30280402,0.26549217,-0.5974693,-0.68913424
1066,-0.31638163,0.12070646,-0.31746277,0.13542397,-0.010322539,-0.20476152,-0.14101253,-0.44848743,-0.3813955,0.91186374,0.15588295,-0.676525,-0.13645935,0.17801104,-0.2633819,-0.3753527
1075,0.5908592,0.020632781,-0.22244972,0.4311571,0.5568112,-0.3547902,-0.19320795,-0.6923492,-0.4087573,0.3450089,0.013208672,0.12752472,-0.13160785,0.033099245,-0.3047428,-0.45542172
1076,0.5812772,-0.4108037,-0.55233204,0.057223298,0.24112743,-0.121822305,-0.4836878,-0.6725223,-0.40677273,0.0062991874,-0.054859146,-0.7274051,-0.24487934,0.50064325,-0.12016379,-0.47750235
1079,0.41032127,-0.5544669,-0.053734995,0.01587543,-0.14398724,-0.113884166,-0.06262454,-0.6193338,-0.62193316,-0.06613394,0.3612704,-0.6103474,-0.26725772,0.3784123,-0.23601127,-0.62875843
1080,0.9107837,-0.2298921,-1.0585501,0.21517664,0.09260401,-0.009278792,0.5171421,-0.6263089,-0.23402548,0.5581172,-0.10209605,-0.24578735,-0.10142717,-0.4055757,-0.3212251,-0.76909876
1081,0.19497548,0.006395216,-1.0661309,0.00074617565,0.24273501,-0.29481414,-0.3881482,-0.9236493,-0.013638291,0.22864631,0.13013543,-0.20980483,0.019637616,0.18698612,0.38987347,-0.43035626
1088,-0.38801566,0.33287904,-0.30787638,0.09326392,-0.08883092,-0.062182456,-0.1179429,-0.7259885,-0.54563016,0.72360045,-0.065051615,-0.55431014,-0.112508,-0.24771325,-0.32866326,-0.3431255
1104,0.14690745,0.18406218,-0.65361214,0.0317484,0.10590841,0.022127468,-0.06778099,-0.719935,-0.40087432,0.6252742,0.089923695,0.030370237,-0.08051674,0.39018926,0.033622906,-0.51350236
1121,-0.17165568,0.17536159,-0.5862446,0.2624264,0.5923536,-0.6584939,-0.33066452,-0.9879101,-0.4833688,0.28233096,0.35899043,-0.25783005,0.25761208,0.43738616,-0.23327622,0.21840866
1128,-0.24096234,0.21356802,-0.33399284,-0.45141008,0.31182647,-0.44412822,0.09761815,-0.9275581,-0.15546936,0.28444353,0.6763635,-0.037670743,-0.2278049,0.11538382,0.023708973,-0.5729
1142,0.20268022,0.49490985,0.40646225,-0.11569351,0.30759475,0.28780487,-0.8776961,-0.82974464,-0.2283497,0.60766715,0.28073618,-0.7759639,-0.1849697,-0.111466415,0.18719737,-0.3189823
1148,0.7338046,-0.32318193,-0.77036476,0.25593475,0.18037954,-0.0135249635,0.47417155,-0.5723158,-0.28565162,0.5203481,0.22912996,-0.45905507,-0.039667096,-0.24472104,-0.17331383,-0.64729035
1157,-0.055177603,0.7560267,-0.38719708,0.64367855,0.03651961,0.76493585,-0.21800396,-0.1468772,-0.23669691,0.16027795,0.09422799,-0.008323623,-0.31998032,-0.20075005,-1.1628864,-1.0259764
1163,0.1310182,-0.5027459,0.24658705,-0.27606708,0.33357772,0.25298733,0.07337846,-0.44762722,-1.0455837,0.73262715,0.12851346,-0.17606433,-0.03392138,0.09552491,-0.32685032,-0.9481445
1185,-0.3427912,0.24393378,-0.23689407,0.9128306,0.0984842,0.8111138,0.08307164,-0.34966114,0.101803705,0.036066823,0.81056046,-1.1904181,-0.633199,-0.061319944,0.21969227,-0.421672
1198,0.26819205,-0.161288,0.119366296,-0.05484919,-0.038069025,0.07085281,-0.7788584,-0.60550374,-0.5103911,0.54129976,0.44773167,-0.35770273,-0.0119992,-0.2625787,-0.19844456,-0.40747818
1201,0.15146142,0.047662325,-0.36453217,0.24799742,0.42759216,-0.2431191,-0.06262018,-0.59101784,-0.069027975,0.083460785,0.3959077,-0.086938426,-0.46264544,0.11305063,-0.3062493,-0.45841074
1203,-0.58418155,0.3411324,-0.26517838,0.11704689,0.59885937,-0.15296,-0.21936253,-0.64168036,-0.6509943,-0.06346488,0.019442635,-0.40517884,-0.42241478,-0.32843116,-1.2867073,-0.43501458
1215,0.14091143,-0.339913,-0.23523447,0.20741728,-0.63807213,0.19590013,-0.49509084,-0.11563869,-0.5854186,0.7486289,0.52321905,-0.16647325,0.2905722,-0.37859616,0.04977691,-1.1660944
1234,0.33569163,-0.5109434,-0.35549337,0.55822456,0.2599163,-0.48268887,-0.325721,-0.46161196,-0.59743935,0.4666103,-0.40446794,-0.22819503,-0.95243406,-0.19472614,-0.13845807,-0.6227498
1242,-0.045050345,-0.44571292,-0.3302722,0.34421942,-0.20075132,-0.014344733,-0.6330883,-0.43842506,0.3701952,0.5207536,0.15150715,-0.17577918,-0.08249873,0.3274749,-0.121866204,-0.9897193
1269,0.027308675,0.091083385,-0.25976798,0.4073498,0.42193493,0.046116456,-0.5148938,-0.6650221,-0.5344015,0.47859627,0.41257507,0.29790774,-0.33922288,0.51339877,0.20506415,-0.12603234
1279,0.06955063,0.2468889,-0.61616766,0.17715019,0.81096214,-0.17148453,-0.18800384,-0.23124012,-0.5838399,0.3154593,0.7342434,-0.31394723,0.31288576,-0.24344683,0.10176701,-0.6687388
1298,-0.1490597,0.4791531,-0.7112668,0.25325775,0.7252888,-0.32385647,-0.054141108,-0.2141815,-0.7491159,0.3786785,0.6463026,-0.60446066,0.39081293,-0.76580775,-0.06914994,-0.71417266
1303,0.3040668,0.08930087,-0.5952328,0.23090072,-0.12859106,-0.08995683,0.043011818,-0.85018253,-0.2727563,0.76319504,-0.15716462,-0.4133515,0.0011095868,-0.111400366,-0.12163979,-0.38232207
1307,0.07634206,0.111315876,-0.64177847,0.19558233,0.58268005,-0.2290313,-0.0690802,-0.32020298,-0.45230424,0.44925,0.79792184,-0.12225174,-0.02202258,-0.20881087,0.114731744,-0.54462016
1311,-0.2727075,0.028450768,-0.19925092,0.2515411,-0.13078366,-0.09669116,0.043902595,-0.5324756,-0.4875481,0.92308325,0.04898386,-0.540317,-0.12470366,-0.11476969,-0.1898306,-0.49057132
1324,-0.1954486,-0.31507152,-0.9419897,0.39441267,0.5369815,-0.22678748,-0.6514112,-0.83000445,-0.45005286,0.06740933,0.22774018,-0.076586634,0.39337513,-0.05397274,-0.24277015,-0.13022451
1344,0.097466215,-0.35759774,-0.44445008,0.5624211,0.23750903,0.7092989,-0.23056494,-0.028221287,0.43702483,0.733694,0.95647556,-0.9685648,0.298923,0.21013421,-0.74517965,-0.21985313
1351,-0.25972006,-0.1768503,-0.23354891,0.33044717,0.26434696,-0.4536012,0.0054846085,-0.46148422,-0.77462643,0.712513,0.3387379,-0.20452656,-0.030186957,0.4873373,-0.13084501,-0.3743918
1390,0.14607343,0.35233855,-0.51885265,-0.16808972,-0.4842262,-0.6959967,-0.13721298,-0.66905123,-0.10224794,0.6724898,0.19272049,-0.6511295,-0.18218252,0.39178625,-0.29565164,-0.34847575
1405,-0.3051557,0.3242496,-0.51815397,0.67359173,-0.502352,-0.25930583,-0.3427494,-0.58750045,0.15536612,-0.002706759,0.7143266,-0.009262716,-0.39010417,0.31290382,-0.087219015,-0.5464455
1407,-0.59850466,-0.31151348,-0.7169261,0.25918776,0.5834158,0.26680726,-0.62511605,-0.9857167,-0.6087493,-0.08163676,0.04900123,0.124354705,0.34141243,0.28413206,0.39993817,-0.73611474
1410,0.1912494,-0.58919877,-0.30056322,0.65663314,0.10317328,-0.59728503,0.0016420867,-0.61648256,-0.7494448,0.687491,-0.32634553,-0.1616593,-0.79170537,-0.21651837,-0.2677798,-0.38313964
1411,-0.21191408,0.4197103,-0.6057938,0.16967885,0.10399019,-0.056687083,-0.3974657,-0.50235635,-0.6421136,0.36542982,0.06583336,-0.026802612,-0.0136375325,0.70741737,0.33735257,-0.6864246
1414,-0.055839486,-0.59111685,-0.23211996,0.003384421,-0.08689548,-0.15842836,-0.3131845,-0.70612586,-0.7854715,0.3598668,0.14550202,-0.046930432,-0.3585963,-0.032391947,0.14495699,-0.79426694
1417,0.1341672,-0.4098408,0.31389508,0.03826986,-0.8310009,0.0167734,-0.08156398,-0.7688517,-0.6555844,0.1817012,1.0191002,-0.2903823,0.22535378,-0.7451586,-0.4385081,-0.8707799
1419,0.06795542,0.05963362,-0.6028433,0.4624078,0.34358132,1.3719374,-0.5204727,-0.068228826,-0.014238764,0.93359137,0.37123957,-0.86326396,0.26035428,0.17037284,-0.93038833,-0.21685678
1431,0.20042947,0.03154521,-0.1459114,-0.08944811,-0.37041306,-0.1486602,-0.4217187,-0.40767884,-0.50154924,0.45631906,0.49327245,-0.20475504,-0.01907611,0.19848526,0.11040295,-0.7357023
1432,0.07546277,-0.690738,0.06513863,-0.17738803,0.092517264,0.001794107,-0.23921585,-0.6597008,-0.71160436,0.39127526,0.2915991,-0.3165565,-0.14680283,-0.34560984,-0.13233304,-0.80652285
1435,-0.43862164,0.057695057,-0.36597884,-0.039418783,0.093662925,0.29206064,0.06970222,-0.7083494,-0.4134057,0.80883396,0.1726731,-0.35895878,-0.19941379,-0.4922089,-0.39067194,-0.40731725
1442,-0.51611435,0.92861074,-0.73263735,0.13433622,-0.21443425,-0.17302993,-0.013982129,-0.45914453,-0.57441556,0.53836966,-0.2783672,-0.38636833,-0.47754923,0.008566052,0.011731544,-0.8820503
1444,-0.24058403,0.2487602,-0.13202561,0.30795816,-0.05088699,-0.17626475,-0.18214887,-0.41111958,-0.52503484,0.9967756,-0.022444166,-0.4556926,-0.09161144,-0.054479778,-0.21675463,-0.5250146
1452,0.11220663,0.24896726,-0.67977804,-0.06016562,-0.31098974,-0.83444756,0.0015755848,-0.72923374,0.11076034,0.51242036,0.27134293,-0.6364349,-0.23599906,0.370311,-0.36798802,-0.28975046
1458,-0.30376938,-0.0170453,-0.3547281,0.039470095,-0.059108578,0.34445852,0.05884943,-0.87814075,-0.4689258,0.7546391,0.06228359,-0.44898733,-0.14277568,-0.27447835,-0.2248575,-0.26230195
1481,0.36399645,-0.5579497,-0.5011184,-0.02769814,-0.033239175,0.09132157,-0.32112023,-0.6378898,-0.6267999,0.006516514,0.09478458,-0.7454837,-0.29951778,0.42397863,-0.37848452,-0.45339227
1483,-0.55326927,0.1552573,-0.20695883,0.4441857,-0.027322287,-0.3684228,-0.02839858,-0.4671595,-0.41835186,0.9270574,0.13106765,-0.36930105,-0.11360151,0.3445803,-0.30149573,-0.34963492
1488,-0.12006215,-0.11049232,-0.56408983,0.55235744,0.09691954,-0.1550876,-0.15044285,-0.589375,-0.2755015,-0.21326526,-0.3217408,-0.45924065,-0.95866024,-0.2477855,-0.12558478,-1.0421479
1489,0.14174008,0.33837366,-0.023835652,0.19804099,-0.17039093,0.033704843,-0.47960514,-0.63411486,-0.5215358,0.86278564,-0.04141437,-0.6305305,-0.17730874,0.108581066,-0.044779237,-0.2953309
1490,0.04684935,0.43349558,-0.16927882,0.29401267,-0.27074155,0.33864254,-0.4168553,-0.43074945,0.52399874,0.74477214,0.67741525,0.16405156,0.2282186,0.402504,-0.444404,-0.7792137
1496,0.57299715,0.3407389,0.019203136,-0.29943725,0.60333484,0.42498758,0.29895908,-0.8514891,-0.03494035,0.5633748,-0.18125015,-0.56334186,-0.322861,0.28113967,0.0071660317,-0.92134905
1500,-0.21684411,0.018483719,0.008571325,0.7467364,0.42034727,0.51774126,0.34550565,-0.95096946,0.29468265,0.16431198,0.5328276,-0.27985787,-0.8151106,0.10738393,0.20908959,-0.4264193
1514,-0.25796205,-0.3397356,-0.54175,-0.07465725,0.15329097,0.34178922,-0.010900252,-0.56721395,-0.5480094,0.2912516,0.43543795,-0.4949288,-0.12052268,-0.07628377,-0.8709337,-0.3015587
1515,-0.22318317,0.5787422,-0.45236596,0.110360935,-0.22027777,0.58704317,-0.030832075,-0.5339505,0.021013679,0.5484472,-0.034128122,0.090235986,-0.33732706,-0.58499223,-1.2664572,-0.94682485
1520,-0.189964,0.028686138,-0.2088923,0.24693124,0.021822926,-0.10182953,-0.1612981,-0.6127535,-0.15486111,0.80674845,-0.06380657,-0.5363372,-0.26472786,-0.038934145,-0.4765478,-0.39182094
1522,-0.046127435,0.35434684,-0.46121848,0.864014,-0.13276243,0.9045985,0.59200454,-0.8508223,-0.9683759,0.3647738,0.80076504,-0.36635488,-0.19357204,0.34502187,-0.25284544,0.41320103
1523,-0.38983315,0.037459556,-0.27289382,0.03320643,-0.020673184,0.21029416,0.030742185,-0.8101411,-0.41946766,0.80916196,0.09299157,-0.54970926,-0.13112603,-0.37110522,-0.48631316,-0.19941948
1524,0.028612688,-0.15572765,-0.13488501,0.21899979,0.015726957,-0.07729106,-0.4096999,-0.49940312,-0.31048965,0.09661158,0.6023557,0.17510565,-0.2928914,0.37054303,-0.31671426,-0.70047456
1529,-0.19693206,-0.3813309,-0.5663293,0.41765818,0.14254633,-0.4282111,0.19287327,-0.4846107,-0.6521619,0.6835808,0.51013,-0.23293252,0.1334832,0.55768704,-0.23547794,-0.17523625
1531,-0.2945897,-0.018364022,-0.40118855,0.011518688,0.007985865,0.26805416,0.08628605,-0.7403401,-0.5779157,0.8460212,0.08482601,-0.51168686,-0.18150899,-0.3247672,-0.41705933,-0.20550156
1536,-0.02384532,0.539741,-0.3519029,0.2699752,0.29255053,-0.07762813,0.00198697,-0.4426724,-0.52522093,0.51939166,-0.056387622,-0.4228726,-0.19188906,-0.18460172,-0.12091307,-0.7749903
1537,-0.19019684,0.009306818,-0.29431844,0.9337775,-0.25911286,0.42617893,0.7606083,-0.6906421,-0.41644347,0.3028842,0.7924781,-0.0058698715,-0.49473292,0.48930427,-0.16546574,-0.2544074
1539,0.030066485,-0.61422676,0.049052894,0.5963487,-0.71381056,0.04061163,-0.03258046,-0.33018658,-0.42066553,0.118438214,1.1007218,-0.46000016,-0.30483273,0.16680469,-0.4609697,-0.60196733
1541,0.1723278,0.16039722,-0.22948095,-0.28408813,-0.70036656,-0.123914294,-0.17144373,-1.1388974,-0.8661042,0.44039288,-0.2949327,-0.14901434,0.011046346,0.011727487,-0.05512316,-0.7255197
1542,0.5748827,-0.2126534,-0.38846156,0.029529162,0.23307678,-0.1747255,-0.42274642,-0.69838554,-0.38759053,-0.23555115,-0.19984664,-0.69727904,-0.49874294,0.35636768,-0.31857023,-0.66588426
1544,-0.35138273,0.27334696,-0.13010482,0.2789978,-0.14941026,-0.26599163,-0.11726601,-0.4705113,-0.5154801,0.9933282,-0.039277352,-0.4504679,-0.060124815,-0.035673205,-0.2433985,-0.5426361
1545,0.07929809,-0.016408414,0.3327696,0.48722357,-0.23148018,0.12109811,-0.69777983,-0.620684,-0.43292958,-0.018817006,0.61691487,0.024459329,0.059897255,-0.07196027,-0.39078096,-0.6912825
1546,0.39698523,0.36896312,-0.76099175,0.29177496,0.07630549,0.13216303,0.111615874,-0.8755709,-0.4242488,0.6410525,-0.064387225,-0.2821287,0.06914991,-0.07872689,0.44766894,-0.48407796
1548,-0.09031216,-0.33804822,0.08395887,0.08542064,-0.49805218,-0.041844536,-0.2556515,-0.59424686,-0.6260365,0.46172604,0.41162527,-0.2906325,0.525945,-0.4985753,-0.52606374,-0.9370063
1550,0.034227982,-0.22569807,-0.38620317,0.17601134,-0.37656963,0.13871962,-0.6284888,-0.505636,0.011838984,0.47455522,0.5221648,0.28307992,0.4033455,0.073167846,-0.49005708,-0.9551808
1553,0.7519418,-0.05764098,-1.0281233,0.014879835,-0.06925728,-0.13375334,-0.009504361,-1.1917541,-0.05767343,0.18172103,-0.3561082,-0.06473362,-0.10779963,0.063865475,-0.37166187,-0.48339915
1562,0.041542508,0.70533603,-0.17703073,0.41717288,0.21672113,-0.39341378,0.44329166,-0.79621637,0.26877245,-0.089679,0.66955173,-0.59785265,-0.60036105,0.31440476,-0.6698093,-0.29581577
1564,-0.2999413,-0.35569343,-0.32531732,0.5008947,0.2512462,-0.6017843,0.027936462,-0.46062347,-0.849355,0.69248044,0.48314673,-0.13360916,0.0861766,0.78996795,-0.26821256,-0.078287296
1567,0.034188956,-0.07644226,-0.09529709,0.34485427,-0.112810634,0.59556323,0.22532205,-0.9220855,-0.20407628,0.07396867,0.596584,0.075507134,-0.86190945,0.1556741,-0.32862765,-0.37439188
1568,-0.07215742,-0.33427882,-0.37670973,-0.2730122,-0.023582581,-0.038010832,-0.2859153,-0.5721585,-0.560388,-0.057850488,0.26302397,-0.6210829,-0.2901343,0.58080083,-0.9891159,-0.53252006
1569,-0.20496774,0.27920714,-0.40252057,0.13257816,0.275843,-0.08945054,-0.37347707,-0.3242915,-0.65578616,0.7222885,0.07623534,-0.39591122,-0.03410953,0.21392314,0.15469,-0.6854918
1574,0.04930923,-1.3715185,-0.41444474,0.1653616,0.15119833,0.02381,-0.22299188,-0.6854013,0.010677092,0.6534122,0.6041363,-0.6739617,-0.30206212,0.296842,-0.3493134,0.029079773
1582,0.16097885,-0.055860754,0.208162,0.8442576,-0.032321163,0.56822854,-0.019964779,-0.968451,-0.39227378,0.5729775,0.32797226,0.022681583,-0.22612791,0.012367095,-0.41734546,0.017302986
1583,-0.29203838,0.30002826,-0.40596426,0.22236444,-0.06513935,-0.26688924,-0.08152229,-0.41938138,-0.60145193,0.9271462,0.18637834,-0.50777555,-0.024310112,0.2663649,-0.2536687,-0.35907075
1589,-0.46536753,-0.0851744,0.02998767,0.92091733,0.43558806,0.03606113,-0.14276858,-0.39037183,0.16182104,0.34948385,0.23290601,-0.016102202,-0.31097138,0.2832003,-0.58316386,-0.8482993
1598,-0.15112339,-0.11276654,-0.81047374,-0.5747532,-0.116595805,0.16168055,-0.14545622,-0.46209234,-0.13927235,0.64151704,0.71671695,-0.43022108,0.07123979,0.26188517,-0.28518593,-0.5862635
1608,-0.12763599,0.9878112,-0.78086543,0.41267326,0.044177253,-0.21437052,-0.16779609,-0.18197185,-0.7213742,0.41707978,-0.23162854,-0.2657916,-0.27512866,0.1688639,0.09646255,-1.1145937
1610,-0.16082373,0.080196254,-0.2657378,-0.18961707,-0.27188033,0.37665984,0.28671575,-1.4018251,0.14147516,0.94928545,0.49020416,0.69891816,-0.5664609,0.33557478,-0.45481107,-0.027633253
1611,-0.08912546,0.24520567,-0.36696368,0.6138072,-0.2592369,-0.03197556,-0.2877955,-0.55791795,0.23186007,0.15358976,0.7458334,0.13717954,-0.59177184,0.041707423,-0.34194687,-0.5247884
1616,-0.40908727,0.026106277,-0.28337193,0.15333802,-0.16876173,0.20393193,0.052397244,-0.7914443,-0.43526155,0.7952764,0.14278227,-0.42218116,-0.010124253,-0.37817273,-0.3973781,-0.31852472
1619,0.13670476,-0.22672223,0.07852383,-0.21721545,0.2276694,0.054886542,-0.068936504,-0.4296243,-1.07312,0.74954754,0.077302836,-0.4027368,0.05248048,-0.061988126,-0.22175255,-0.8505235
1624,-0.43029,-0.18443891,-0.29394817,-0.0016894388,0.08519214,0.0135968905,-0.22195219,-0.7792134,-0.08554245,0.69855684,-0.0028377501,-0.29564968,-0.3337199,-0.23282103,-0.59895724,-0.4736096
1631,-0.1240596,0.031495403,0.20356101,0.4791419,0.4537174,0.7279135,0.11877542,-0.8754007,0.008892289,0.42508286,0.58420956,-0.5568945,-1.1197431,-0.20206909,0.46342078,-0.27139318
1632,0.077328116,-0.291245,-0.76027405,0.34506524,-0.022957569,-0.18011637,0.2754975,-0.753371,-0.11462902,0.75436467,0.42855036,-0.4904907,0.33318835,-0.38141736,-0.13705322,-0.32998842
1636,-0.1566858,0.013538513,-0.49169725,0.018417517,-0.09130089,0.15533689,0.0123751415,-0.58000404,-0.6687522,0.4957995,0.19232202,-0.3917318,-0.14678198,0.013903182,-0.46823367,-0.45322368
1639,-0.63462466,-0.03822085,0.06251531,-0.23645757,0.28913346,-0.7621585,0.2971528,-1.49737,-0.033502433,0.5081394,0.8924269,0.25682327,-0.51962245,0.20132811,-0.19316746,0.12270754
1647,-0.2904291,-0.27311265,-0.78299934,0.3803977,-0.6175787,0.31180447,-0.15850773,-0.3922074,-0.30296728,1.8000616,-0.16444683,-0.4384157,-0.4044071,-0.73199433,-0.101436846,-0.29729947
1657,-0.5360372,0.22771868,-0.4413092,0.57900524,-0.03541335,0.58300316,-0.12033756,-0.72860414,0.13068056,-0.24247998,0.35180786,-0.073911764,-0.5428235,0.10219911,0.08276893,-0.98130506
1660,-0.816852,0.075174086,0.388151,0.27251115,-0.25033388,-0.4406653,-0.53462553,-0.7270015,-0.04134228,0.31491858,0.24287826,-0.19605969,-0.32505596,0.6369534,-0.907659,-0.58664596
1661,0.14480798,0.55896693,-0.45968446,0.2993287,0.11395542,-0.10183682,-0.13875265,-0.52768195,-0.43058336,0.5378113,-0.046142034,-0.28251198,-0.24923238,0.312494,-0.078252286,-0.53791404
1665,-0.109710254,0.3451014,-0.26842654,0.9926036,-0.26945832,0.70164686,0.17145237,-0.4976273,-0.07717529,0.13100453,0.7541972,-0.3264962,-0.6126268,0.16380692,-0.18075317,-0.44930655
1674,0.112960726,-0.33168453,-0.25852162,0.09266807,0.14827964,-0.0010906368,-0.20071816,-0.75809467,-0.32605794,-0.19054139,0.093458,-0.49596453,-0.6180043,0.21240278,-0.58607197,-0.64039505
1676,-0.29039538,-0.20904528,-0.44467348,-0.117834926,0.14300247,0.2388339,-0.16415454,-0.63699067,-0.2510849,0.427818,0.27260184,-0.32222173,-0.17568262,-0.057832588,-0.7985806,-0.51863766
1682,0.39528736,0.5677318,-0.37845445,-0.11529961,-0.41003153,0.5107633,-0.23458211,-0.79081935,-0.11443933,0.63404953,0.4117981,-0.4767525,0.37531275,0.43471864,-0.51755863,-0.20162185
1684,-0.45369464,0.15637898,-0.47424817,0.06990906,-0.010709032,0.35356823,0.014537418,-0.8884043,-0.39004016,0.728986,-0.02922345,-0.38268378,-0.22998092,-0.43294746,-0.32604295,-0.33949807
1685,-0.4095584,-0.4064435,-0.04756209,1.0282999,0.7106302,-0.42557025,-0.7484357,-0.73442554,-0.3431873,0.23904368,-0.080326974,0.30093193,-0.57310635,0.18744864,-0.27111062,-0.3518018
1686,0.2586613,0.5502552,-0.44481164,0.038983513,-0.08282569,0.14942902,-0.22052835,-0.8997933,-0.55546284,0.80593336,-0.07458778,-0.5374683,0.12700531,0.047003377,0.1145988,-0.1772394
1697,-0.37828183,0.10420143,-0.30654237,-0.004963003,-0.21192965,0.21482831,0.08713187,-0.7610946,-0.3835459,0.7930889,0.16786514,-0.42189988,-0.23234062,-0.41541892,-0.5420284,-0.24798381
1703,-0.2177426,-0.30215362,-0.34387594,0.16221191,0.2669849,0.17523769,0.087990485,-0.7179831,-0.19255427,0.5452369,0.13687451,-0.08273695,-0.34304416,-0.03615328,-0.68433833,-0.49860233
1709,-0.7981369,-0.15578091,0.10153576,1.060674,0.24855086,-0.09458481,-0.7417299,-0.44679266,-0.18379547,0.2604786,0.4140036,0.24664064,-0.20102298,0.21673092,-0.4135366,-0.56781703
1711,0.43942758,-0.07474889,-0.16506124,0.7407628,-0.028228477,0.19200054,-0.031093046,-0.85591525,-0.2330618,0.44862837,0.6403147,0.31226197,-0.14809284,0.22322194,-0.31888002,0.02066602
1717,-0.7550386,-0.09215309,-0.27733475,0.41511905,0.48745513,0.44469577,-0.4013406,-0.9568584,-0.4706292,0.035072178,0.087846436,0.41945022,0.2654168,0.37027535,0.15301384,-0.8941706
1725,-0.17736803,0.019697169,-0.6142371,0.28967822,-0.21882142,0.0623186,-0.035517152,-0.3245068,-0.65468836,0.16191895,0.4518059,-0.6766496,-0.23733562,0.77165335,-0.56354815,-0.3628718
1732,-0.123730734,-1.3352642,-0.29001126,0.51520926,0.14355725,0.40954486,-0.38522747,-0.5512549,0.39490104,0.8224546,0.88418865,-0.45370546,-0.35031718,0.31993786,-0.51450354,0.049474012
1733,0.90760255,0.2709851,-0.5239013,-0.1320527,0.08239664,-0.17092156,-0.035841573,-1.2839731,-0.11903268,0.4364402,-0.18378748,0.385201,-0.09160738,0.2035168,-0.1622734,-0.4593429
1734,-0.2816637,0.20904827,-0.23826402,0.048640624,-0.043976642,-9.7298966e-05,-0.028803695,-0.7349796,-0.50905526,0.72700596,-0.023981085,-0.53194463,-0.13197428,-0.21161206,-0.2791026,-0.42333332
1737,-0.2373938,0.074998155,-0.50061035,-0.08127407,-0.066052325,0.3305602,0.12879574,-0.90702987,-0.38599738,0.80295414,-0.08892853,-0.47462723,-0.12639788,-0.37838995,-0.38393196,-0.2616579
1739,-0.2043468,0.24548489,0.064177856,-0.33753788,0.6612079,0.23242289,0.09258341,-0.88461345,0.24116004,0.53469944,0.15403306,-0.65675575,-0.2498544,-0.18865123,-0.2881606,-0.7573448
1740,-0.34904057,-0.13788858,-0.59223646,0.042939287,0.3727274,-0.56654936,-0.12564036,-1.1727396,-0.5762803,0.32673365,0.39079463,-0.3447886,0.11755235,0.30656883,-0.4154044,0.307244
1745,-0.0485682,0.31006974,-0.28752777,0.10729722,0.09580087,-0.34861472,-0.18630072,-0.49690238,-0.6106205,0.63529056,0.1592767,-0.6111744,0.1734435,-0.0037433745,-0.36954746,-0.4312963
1752,0.33280265,0.80195147,-0.06988352,0.20903644,0.740185,-0.1668945,0.15206239,-1.4250356,-0.61026406,0.39031327,-0.1936312,0.16730917,0.5923116,0.100396276,-0.28892264,-0.22434136
1755,-0.36725235,-0.108557045,-0.80849975,0.39841247,0.32785204,-0.24822737,-0.5796181,-0.9775427,-0.28061327,0.28044447,-0.12534295,-0.36331272,0.3300651,-0.07698864,-0.41213325,-0.13928925
1756,-0.40333766,0.26319936,-0.2186774,0.04212477,-0.071064495,-0.116064005,-0.084341586,-0.7377727,-0.6133396,0.7626259,-0.054045107,-0.52426064,-0.17604113,-0.22843562,-0.325744,-0.36929238
1758,0.03755613,-0.17529237,-0.51015204,0.83904713,0.0927173,0.6532783,0.17378817,-0.073974155,-0.19192381,0.6899917,0.9177265,-0.80689096,0.071432814,0.29575056,-1.0637064,0.068762116
1761,-0.5060339,-0.3374979,0.08453728,0.6737068,0.5128311,-0.077444546,-0.30366778,-0.5452984,0.4602635,0.40824792,0.27813715,-0.18413024,-0.23885588,0.41435555,-0.30550602,-0.8105003
1766,0.10487403,0.17535275,0.2448801,-0.17139964,0.6677763,0.024958657,-0.319482,-0.57959604,0.4504396,1.058008,-0.01078667,-0.4642828,-0.6601774,-0.19779505,-0.22331631,-0.7227342
1769,0.42489693,-0.24957167,0.009005306,0.17854826,-0.23577186,-0.21366137,-0.31381458,-0.6808772,-0.45686477,-0.09558986,0.5465213,-0.04103352,0.009026544,-0.07309472,-0.42216584,-0.8967078
1783,0.72895813,0.0119706355,-0.8592729,-0.0124007305,0.15736338,-0.27166015,-0.42474797,-1.1739727,-0.1605091,0.03224193,-0.4187555,-0.12630205,-0.27107054,0.063361734,-0.4356596,-0.35037035
1784,-0.38997474,0.1281205,-0.11520025,0.6586726,0.42026642,0.13830905,0.08397366,-0.39948326,0.11324782,0.2144992,1.0198833,0.060009036,-0.17830758,0.104249656,-0.18417606,-0.66544384
1798,-0.1488567,0.40173346,-0.11345113,1.2188956,0.11393826,0.60823107,-0.62241,-0.28859565,-0.4134328,0.18040414,0.34798658,0.16174152,-0.13646881,-0.13033876,-0.9199945,-0.41806215
1800,-0.22803563,-0.2798604,-0.3511019,0.6704032,0.3598254,0.021359263,0.10021927,-0.72538173,0.101541355,0.14572234,0.4314308,0.10095034,-0.32222614,0.3727454,-0.34616348,-0.52277035
1803,-0.2440282,0.020203613,-0.25522813,0.040010795,0.083637595,0.28542757,0.094637424,-0.89630336,-0.5029034,0.759615,0.06528978,-0.35677606,-0.16278754,-0.34107798,-0.38161594,-0.22247595
1805,-0.06423695,-0.5338884,0.35367745,0.047150046,-0.41495168,0.12468216,-0.43936506,-0.66350996,-0.34296313,0.32605138,0.71270674,-0.17066349,0.29599988,-0.5231054,-0.64456725,-0.90889335
1806,-0.25796795,0.21749419,-0.36496088,0.04379962,-0.066008195,0.024869341,0.09028141,-0.74788594,-0.50777686,0.84229356,-0.015516212,-0.4127635,-0.17304008,-0.25043672,-0.18749154,-0.35701084
1807,-0.23979607,-0.18670163,-0.4780586,-0.10457236,0.14022212,0.18864754,0.0016227913,-0.6126827,-0.72278064,0.27706742,0.34539828,-0.52147985,-0.0013580646,0.047293495,-0.73894465,-0.3925139
1814,-0.6672125,0.4194182,0.13678864,-0.14653158,0.5417866,-0.19833586,0.26099554,-1.0798802,-0.5550058,0.2874435,0.86492896,0.1301629,-0.75169617,-0.13570859,-0.67457396,-0.012038055
1817,-0.54245895,0.23631532,-0.1366011,-0.42316002,0.28831497,-0.34615904,-0.008254873,-1.1129826,-0.08387791,0.38870376,0.90159726,0.3665798,-0.7325527,-0.12742601,-0.44982728,-0.16923803
1822,-0.43516618,0.38772613,-0.53045624,0.24533592,0.09587066,-0.019455649,-0.26899588,-0.48320058,-0.80383813,0.767254,-0.17082477,-0.30400974,-0.0016564848,0.31819373,0.1624968,-0.6058339
1823,0.5222096,-0.37453908,0.21807006,0.17100422,-0.5351368,0.46852118,0.40837425,-0.99212706,-1.0097542,-0.02868255,0.37423748,-0.74891347,-0.51432204,0.013067095,-1.0349584,-0.071185134
1828,-0.40234956,-0.04278497,-0.41118088,-0.050145805,0.08316103,0.32310358,0.10018662,-0.8315153,-0.56094927,0.750815,-0.028921284,-0.43370083,-0.11602068,-0.30074835,-0.5077947,-0.32341588
1829,0.94891745,0.32626206,-0.3301562,0.23155992,0.4828795,-0.0153094,0.14081846,-1.2314665,-0.3233577,0.55105454,-0.042687073,0.34612766,0.25591633,0.18202443,-0.2419059,-0.19678538
1832,-0.13233398,0.02632406,-0.19876538,0.24381855,-0.2069074,-0.008362003,-0.13329552,-0.49907926,-0.44704008,0.9004086,0.08411083,-0.55028135,-0.20132059,-0.038224105,-0.15470858,-0.4622795
2071,0.30341884,0.12973844,-0.17921212,1.2269204,-0.3181207,-0.40515214,0.21573825,-1.0038728,0.27602884,0.5681597,-0.11216138,-0.9190643,0.77355087,-0.19830042,0.22903247,-0.64535856
2186,-0.3063941,-0.15025158,-0.026451252,0.4675425,0.061228566,0.025306573,-0.3936579,-0.8639821,0.35144618,0.16373512,0.42408198,0.10810654,-0.009264618,0.28730392,-0.24483924,-0.6622249
440,0.03195979,0.48976967,0.3155476,-0.31221005,0.79078,0.25085592,0.06298541,-0.8962404,0.4394495,0.20846078,0.3516917,-0.5950834,-0.20870282,0.089356475,0.06246022,-0.9108555
5860,-0.12707838,-0.17332932,-0.14654917,0.570058,-0.18792234,0.2189961,-0.14415874,-0.38510743,0.4854018,0.6421125,0.55079514,-0.0090981545,-0.028451642,0.37916207,-0.41741863,-0.77919084
2821,0.61381376,0.09808057,0.11582611,0.092774965,0.062625594,-0.21610011,-0.0684365,-0.82689,-0.5658014,-0.0002709162,0.41736403,-0.042908385,0.1698634,-0.06553832,-0.16467294,-0.8271186
17996,0.11977184,0.33805206,0.17233427,1.1880139,-0.106782824,-0.5451501,0.2666765,-1.0935547,0.10737797,0.38846618,-0.14757594,-0.7508105,0.74446845,0.13302776,0.1571377,-0.8012328
667,0.09278672,-0.7049141,0.2510037,0.90563965,-0.3132315,-0.9614625,0.10331751,-1.2578344,-0.63307446,-0.20262249,-0.020909991,-1.27025,0.071995646,0.28829595,0.4950859,-0.5760389
872,0.51964456,0.39867842,0.28145602,0.15862322,0.8349512,-0.30620554,-0.043394275,-0.45895597,-0.24135199,0.387317,0.3940584,-0.6365343,0.2681405,-0.1699546,0.07311422,-1.0138048
3123,0.25875735,0.08468345,-0.15861665,1.419195,-0.4421169,-0.5881503,-0.011267561,-1.1748871,0.16542867,0.09724648,-0.10522041,-0.755459,0.7407262,0.007130106,0.3367101,-0.6488721
3571,0.020476101,-0.42444718,0.09525091,0.37885657,-0.24286969,0.035895623,-0.44241744,-0.53521127,-0.2447136,0.30328,0.6141725,-0.00018846487,0.4074549,-0.18690476,-0.44330537,-0.7747076
7043,-0.47831526,-0.29474527,0.44137442,0.70511705,0.45353913,0.07116149,-0.20090161,-0.5082464,0.40810174,0.4482221,0.55163604,-0.27975565,0.27363926,0.6204224,-0.4485694,-0.842838
10203,-0.2567079,-0.39109623,0.012384768,0.70348865,0.29100645,0.33887285,0.047744572,-0.45987478,0.279584,0.53811294,0.9024794,-0.06404312,0.02449417,0.23105466,-0.25815144,-0.59049433
5330,0.09205439,0.09977582,-0.036060486,0.83849365,-0.14111714,0.2537105,0.369347,-0.42665505,0.005854224,-0.024747197,1.1389061,-0.5693119,-0.43106166,0.05768972,-0.30651346,-0.40999535
8783,-0.06789788,-0.050187826,0.42940733,0.6597134,-0.034942824,0.2102391,-0.18697062,-0.67212456,0.5024264,0.75960845,0.78952175,0.18778892,0.41988382,0.48197237,-0.33962336,-0.7282901
3810,-0.20292534,0.092202105,-0.08879289,1.0701474,-0.6950845,-0.31989542,-0.36239737,-0.9704129,0.30977303,-0.09241123,0.5377201,-0.16000897,0.15018733,-0.06728147,0.0017629361,-0.696838
4825,-0.19123408,0.267687,0.077911034,1.110624,-0.27800286,0.16686048,-0.113291256,-0.8104238,0.34866983,0.19207798,0.5879815,-0.12323283,-0.4292375,-0.13793874,-0.087632254,-0.39801005
28412,0.169388,0.49548638,0.5576103,0.2847927,0.78175825,0.10702734,0.4088906,-1.1789013,0.59460706,0.21691626,0.3022895,-0.8108729,0.39502692,0.27301243,0.025852716,-1.0073234
6892,-0.2405927,-0.16453525,0.26201552,0.5467114,0.34535453,0.2473797,-0.0407349,-0.6077334,0.23778044,0.34333643,0.70568335,0.0017621514,0.25521407,0.31798667,-0.27201945,-0.91883755
5566,-0.07940377,0.25860035,0.14573216,0.23597927,0.2195677,-0.22871557,0.5349904,-1.0124589,0.41200858,0.12186631,0.791577,-0.7482301,-0.6271455,-0.08776831,0.42568877,-0.49064213
27217,-0.28090644,-0.19100247,0.5916704,0.13155615,0.8766443,0.132127,-0.10639481,-1.4293692,0.86570334,0.21094203,-0.14096916,-0.7695512,0.3052678,-0.10796346,-0.34068686,-1.0300794
27814,-0.31514767,-0.20972602,0.48954973,0.15866078,0.73069113,0.13149367,-0.1733129,-1.4204366,0.8082214,0.23766881,-0.14467257,-0.7183303,0.40061995,0.00085198536,-0.2647614,-0.9639217
28104,0.15635477,0.94658524,0.31141084,0.33362973,0.7725291,-0.27211314,0.46514362,-1.2497165,0.22113562,-0.14948131,0.3708573,-0.6439956,0.0821051,0.20813864,-0.5735657,-0.4536778
30488,-0.10121419,0.6385817,0.49996486,0.8755648,0.31997025,0.04479576,0.18503551,-1.0185685,-0.014718305,-0.13719852,0.44425082,-0.50545835,0.41678777,0.23264834,-0.3620679,-0.7171565
44815,0.16015986,-0.4157504,0.5040006,1.4263096,-0.23482321,-0.8278408,0.20687765,-1.6038992,-0.22000566,-0.24756323,-0.17403015,-1.3268107,0.5410716,0.3817493,0.6641437,-0.89863455
37283,-0.32488337,-0.5707846,0.34541133,0.35593647,0.88385874,-0.10371412,-0.3351574,-1.1849586,0.94900924,0.21265906,-0.08551569,-0.7444568,0.18511866,0.111034736,-0.3060155,-0.92181706
5851,-0.22562268,0.3259724,0.020844212,0.5378112,-0.14581937,0.37568125,-0.009973045,-0.83472997,0.42512,-0.1112439,0.4888582,-0.02533203,-0.15595351,0.24745095,-0.45402828,-1.0658821
33633,0.09892854,0.13358961,0.64673114,0.8783324,0.55873424,-0.03080879,0.50488496,-1.1634616,0.30988744,0.10281931,0.39062652,-0.6529777,0.88798803,0.3622304,-0.23480973,-0.97018754
7861,-0.17121506,-0.021672012,0.6096205,0.71708643,0.18928646,0.105268836,0.007516798,-0.8471912,0.3853634,0.44984096,0.7592469,0.09189125,0.22920442,0.5069167,-0.61800396,-0.62954766
44817,0.17903699,0.23122942,0.77944654,0.9829534,0.5768105,-0.017933158,0.41502073,-1.1020303,0.31620088,0.35421357,0.34103727,-0.6800067,0.87581044,0.5022873,-0.13611512,-0.91677606
6875,-0.32708567,-0.17634767,0.42774582,0.8834596,0.5516761,-0.13810766,-0.047699388,-0.6324435,0.43465617,0.50003374,0.29245576,-0.13028713,0.027782474,0.41593155,-0.4139804,-0.86093247
29313,-0.0771765,-0.35144717,0.08841163,0.75213295,0.39304537,0.23890096,0.015047579,-0.37241307,0.6873011,0.60579705,0.57403016,-0.7686766,0.53625804,0.5100386,-0.647608,-0.8036082
31708,-0.35485774,-0.26572135,0.67887557,0.93976265,0.49860886,-0.06633298,0.2338207,-0.7310268,0.4117009,0.4917179,0.46822423,-0.56392515,0.71074104,0.68092686,-0.26471233,-1.0947443
32023,-0.025965273,-0.15415992,0.5808847,0.8392979,0.20419219,-0.075888954,-0.104882486,-0.89201164,0.34481344,0.45813045,0.45882332,0.17296398,-0.022419872,0.34162283,-0.49778506,-0.6730148
44643,0.17907903,0.28327805,0.35777122,1.250087,-0.29498455,0.011025813,1.024037,-0.76412714,-0.30669424,-0.12831089,0.6969217,-0.6838936,0.52938324,0.7469384,-0.40224403,-0.8124202
44821,0.14082344,0.26491222,0.6576368,0.90813535,0.58733946,0.014195305,0.400107,-1.1509932,0.31379288,0.20106636,0.34166837,-0.609816,0.9690472,0.21658607,-0.17920496,-0.93344975
39354,0.16100818,-0.0578624,-0.63539124,1.3191864,-0.28609404,-0.5893518,-0.55198216,-1.4402207,0.076777786,-0.013105669,-0.2863992,-0.60738176,0.9908012,0.116156116,0.1293652,-0.31486174
60032,0.32569173,0.23580562,-0.24974717,1.5950465,-0.45487362,-0.4678992,0.23676813,-1.1644927,0.29249287,0.55013514,-0.21158774,-1.083282,0.9113145,-0.33220464,0.28852907,-0.65086377
39261,0.15475576,-0.63226295,0.5068534,1.1741763,-0.36282152,-1.0852368,0.26364905,-1.5647118,-0.43147197,-0.17859468,-0.050956633,-1.3805609,0.29884624,0.33952197,0.6901748,-0.77829427
84436,0.16063942,-0.41770673,0.5815774,1.4690783,-0.32395154,-0.9390522,0.32946694,-1.7891763,-0.20151559,-0.151371,-0.09940223,-1.4999053,0.69874376,0.48899528,0.6242036,-0.8995275
