500,16
179870,0.93998706,-0.83933055,-0.052757073,-0.54903245,-0.2913869,0.11025324,-0.016139518,0.5228812,-0.1543685,-2.171481,-0.81575155,0.8108764,0.9887663,0.2403211,0.4935784,2.0435324
120746,0.89317214,-0.7756844,0.038548335,-0.51062006,-0.27043444,0.15048504,0.13696116,0.4657462,-0.19390544,-2.022769,-0.5657288,0.7216313,0.8819655,0.19317871,0.5863004,1.9900426
28299,0.6896091,-0.5501781,-0.25219613,-0.16330267,-0.21166626,-0.10407688,-0.310747,0.05966033,-0.13303638,-2.0741775,-0.43723613,0.4469559,0.35951224,0.12421729,0.08753397,1.4655179
179868,1.0626073,-0.853814,0.098848775,-0.55202925,-0.31242767,0.14639582,0.061959747,0.61796135,-0.25082114,-2.2514098,-0.6902812,0.72101676,0.8787718,0.2807599,0.58214045,2.1217735
61663,0.883933,-0.7832207,0.2659504,-0.5153914,-0.18132149,0.38241318,0.4530122,0.55706,-0.1733888,-1.407023,-0.53201187,0.7515777,0.664681,0.1793261,0.56051594,1.4479208
51878,-0.05955854,-0.4135878,-0.090049006,0.5399528,0.6759558,0.89460605,0.038790848,0.0114737805,0.13984086,-0.22476411,-0.60803723,0.00035695292,-0.006334873,-0.07048546,0.18564832,0.29552573
33487,-0.50559425,-0.50300574,0.017786654,0.6372705,0.69370073,0.7656229,0.23991734,-0.10481854,0.17355679,0.11999581,-0.8128623,0.13600767,-0.00780556,0.30151471,0.5171845,0.31411126
1455,0.034929365,-0.08228498,-0.00917678,0.13636774,0.39556208,0.81213146,0.036044836,0.21127291,-0.062112954,-0.05898359,-0.5431518,0.09134294,-0.13055514,-0.08544806,-0.15611583,0.58031404
34394,-0.21077536,-0.6938401,0.04984853,0.26682723,0.11454259,0.3673279,0.1281508,0.088603236,0.2863652,0.24710941,-0.8560578,-0.38196123,0.22057328,0.7952937,-0.18529838,0.9009781
1845,0.06456858,-0.036292754,-0.028866583,0.17607446,0.46142152,0.91675675,0.10311991,-0.004736183,-0.040896904,-0.3879585,-0.36955878,0.07056721,-0.0026832789,0.08771902,-0.209194,0.31061736
2139,-0.030768484,-0.038276397,-0.45421243,0.32034224,0.45264798,0.6845101,0.387339,0.106553406,-0.1887939,-0.23583178,-0.08172668,0.0900804,-0.5261881,0.14030176,-0.20416613,0.5364365
36838,-0.064050265,-0.26287746,-0.23962478,0.38680267,0.6643266,0.72047365,0.09943262,0.11254876,0.024761796,-0.27824116,-0.24704981,0.11807197,-0.06757589,0.009851096,-0.013717972,0.42211807
69745,-0.33877113,-0.8866513,-0.4383971,0.36855552,1.1105975,0.48327747,0.12314071,0.0627529,0.3648765,-0.85230917,-0.41773298,0.056421094,-0.43638536,-0.46076685,0.3099382,0.045379926
38391,-0.060932223,-0.033404782,-0.37789828,0.33433446,0.2831649,0.9676839,0.14095317,-0.23215538,0.01578192,-0.2605002,-0.58347934,0.1485467,0.14091654,0.09583891,0.12327751,0.4598482
38460,0.08005849,-0.050929114,-0.3475719,0.11156515,0.53391296,0.81681067,0.012947254,0.21696328,-0.009382691,-0.28626093,-0.35034525,0.13542722,-0.11990484,0.030854098,-0.20334882,0.3679636
38505,-0.46885487,-0.07943929,0.44616497,-0.050276928,0.45003444,0.66967314,0.20762222,0.28561687,-0.279372,-0.5302224,-0.08313075,0.22719687,-0.22629862,-0.11660213,0.16607039,0.6476065
38506,0.27420002,-0.31303617,-0.54336,0.069810234,0.9480473,0.57166314,0.19443592,-0.018190688,-0.29446778,-0.6416486,-0.035902943,0.003765711,-0.14591339,0.038471658,-0.13971837,0.12840863
38546,0.3077873,-0.20631568,0.048216123,0.45279983,0.23449753,1.1252134,0.015715944,-0.21244381,-0.16965875,-0.64987034,-0.43168646,-0.089225255,0.13895272,-0.0625846,0.0068611177,0.41441703
6807,0.03451208,-0.24232447,-0.16707152,0.61523193,0.53011185,0.86310184,-0.007318659,0.016508937,0.051275138,-0.43801212,-0.479309,0.04565916,-0.13367048,-0.053687137,-0.046530806,0.3049334
6898,0.2603161,0.0038012557,-0.15686841,0.09703425,0.46234918,0.7272497,-0.20834284,0.020591555,0.28707895,-0.10665161,-0.85362494,0.23934308,-0.45977488,0.277455,-0.08811941,0.32620636
7026,-0.061839793,-0.14158937,-0.17316702,0.027991964,0.5425463,1.0366935,-0.30300832,0.0377053,0.15909678,-0.49443355,-0.38611302,-0.430826,0.13666804,-0.14735429,0.010138325,0.36525935
7071,0.3571553,0.075252175,-0.06847348,0.26484355,0.43521547,0.89815944,-0.13693495,0.10644386,-0.06547779,-0.60791045,-0.16982277,0.016056344,-0.17707576,-0.050497517,-0.19309838,0.47779804
7101,-0.050685517,-0.30038944,-0.13460973,0.05898275,0.4693109,0.9947803,-0.2243617,0.18543564,0.07085771,-0.22049278,-0.4175015,-0.08100275,-0.05036227,-0.15470472,0.049597643,0.48824215
7109,-0.13152085,0.052877165,0.0028712917,0.54764014,0.3888155,0.77402824,0.28200483,-0.17573512,-0.20125204,-0.17037377,-0.27948612,0.2578656,-0.34980464,0.15357316,-0.12282728,0.5229233
10593,-0.05911434,-0.14040752,-0.023375656,0.38559332,0.56899697,0.97471046,-0.23815508,0.17926715,-0.22192433,-0.5633899,-0.26635578,0.33254147,0.49868244,0.403244,0.019972933,0.11208057
10632,-0.17332716,-0.19883136,-0.06380238,0.41910324,0.53288245,1.0515895,-0.0269259,0.006778286,-0.056882348,-0.36599198,-0.44387937,-0.13658223,0.029182568,-0.05815518,0.008882145,0.24189916
49918,-0.020124866,0.03492575,-0.052938994,0.07278054,0.44818342,0.9022786,-0.094778635,0.14843568,-0.03382853,-0.17213254,-0.4120502,0.09045597,0.3042386,0.0024319577,-0.37362978,0.5226675
628,0.10573646,-0.055113755,-0.04092917,0.355553,0.4065466,0.31703362,0.61302805,0.047250155,-0.39569253,0.13054308,-0.41667137,-0.3096614,-0.08160185,0.7866185,-0.085230015,0.72652555
38395,-0.026253656,-0.21151067,0.028396405,0.03000626,0.6340508,0.7763447,0.202129,0.2893486,0.071947396,-0.3150506,-0.044321522,-0.12872903,0.077607304,0.23122834,-0.040720228,0.53008914
1764,-0.013088485,-0.9309599,-0.4204703,0.24429974,0.4609163,0.14691654,-0.18772233,0.2245172,-0.078648545,0.35595867,-0.9373159,-0.23510116,-0.37577638,0.5419786,0.16692333,0.66467017
63758,-0.6447476,-0.42544496,0.25687036,0.39582542,0.5856244,0.87459564,0.21529107,-0.09548039,-0.0033905283,-0.0138770845,-0.69038016,0.128109,-0.080374934,-0.0338214,0.53880215,0.46762887
47359,-0.28799373,-0.21760933,-0.1380005,0.45874903,0.3164119,0.5987262,0.16938117,0.113680586,-0.2590784,-0.55268306,-0.78360564,0.34615147,0.037022788,-0.28571826,-0.2167498,0.2787305
51817,-0.13898726,-0.31792074,-0.20081097,0.14260693,0.47407398,0.8077369,0.28756928,0.26231804,0.34502214,-0.18675731,-0.46631587,0.0062417584,0.20545545,0.37963694,0.14827806,0.46663252
2181,0.07914763,-0.07592396,-0.10865284,-0.1098787,0.5500683,0.48611188,0.11289972,-0.25274998,-0.23927085,-0.24427286,-0.40883318,-0.24661675,-0.21686885,0.28763166,-0.1388976,0.45891237
51811,-0.17494085,-0.23386605,-0.118142314,0.5311498,0.7198367,0.91168976,0.03453718,-0.2266333,0.049818367,-0.20193867,-0.4420284,0.11631611,0.052403968,0.0047909827,0.06887014,0.3044748
38482,-0.19120362,-0.029444523,-0.041514985,0.0971469,0.50315934,0.6568879,0.15289208,-0.10509078,0.18277659,-0.27416646,-0.12671618,0.6980146,-0.17162852,0.39252657,-0.2655434,0.4995129
38555,-0.75750595,-0.10988836,0.30069765,0.7070511,0.7635915,0.64005136,0.35654327,-0.3278938,-0.041886434,-0.13791844,-0.7348365,-0.0023736034,-0.21537243,0.77070546,0.52908665,0.16368026
2357,0.007073451,-0.2788111,-0.05058714,0.30797154,0.41783363,0.7339444,-0.06571185,-0.21988487,-0.108010426,-0.29617766,-0.7032842,-0.1595907,-0.22844762,0.2791978,-0.020369967,0.18822955
51842,0.06744042,-0.34180424,0.048717987,0.5083856,0.06535736,1.0844382,-0.100370415,0.16114886,-0.16496474,-0.87309086,-0.369464,-0.15169528,-0.055437956,-0.48642868,0.23398411,0.5896009
3678,-0.30523512,-0.23985673,0.0046515544,0.17951742,0.32079488,0.6267331,0.4784765,-0.093345635,0.020220282,-0.30309454,-0.14781067,0.048711155,-0.41110668,0.29441047,-0.2173451,0.57355756
38448,-0.45469508,-0.30010724,0.09098146,0.12221146,0.8930614,0.71498793,-0.19785494,-0.026676252,-0.39145663,-0.47360742,-0.018412102,0.41465995,0.31905273,0.5122193,-0.3640047,-0.054625828
51819,0.08783522,0.0048906053,-0.5014728,0.037143894,0.5604323,0.86215836,0.1438039,0.3732709,-0.4631854,-0.28802693,-0.14307976,0.07745335,-0.018826837,-0.041227255,-0.41366178,0.39684606
38368,0.53677905,-0.119443975,-0.11658656,-0.5693457,0.8447132,0.31210083,-0.19737361,-0.22741869,0.12172084,0.19965802,-0.27885476,-0.13987926,-0.6383432,0.09516472,-0.23357382,1.1368353
38532,-0.06966955,-0.15176216,-0.0075697987,0.3278357,0.48884323,1.1199384,0.10274488,0.074003406,0.029462175,-0.41299483,-0.30717352,-0.20755357,0.101865344,-0.16972059,0.14800152,0.5144091
49137,-0.21420385,0.53632003,-0.6491079,-0.096965834,0.51093626,0.55778825,-0.23670413,-0.35549623,-0.5995114,-0.14801367,-0.1679359,-0.25643718,0.066736385,-0.16333015,-1.1602898,0.80509835
40069,0.09450528,-0.13397482,0.1524235,-0.20615624,0.62077147,0.69121546,0.35212484,0.12761159,0.21098942,-0.43176293,-0.36936596,0.06252502,-0.22307485,0.16161904,0.20362197,0.4999811
41095,0.32081473,0.06732413,-0.48450798,0.4731055,0.3747681,0.45458463,-0.2672855,0.18883693,0.16507119,-0.578067,-0.6241336,0.80559677,-0.7156486,0.7072137,-0.42706645,-0.00408185
51847,-0.26264343,-0.22056699,-0.5962055,0.034357507,0.6523408,0.57591367,-0.1485847,0.50187254,-0.39990243,0.041922633,-0.21108526,0.067329936,-0.16921526,-0.20058979,-0.55358666,0.6038603
51877,0.10608539,0.2581884,-0.5356285,-0.4966178,0.4556463,1.0597694,-0.8469283,0.08932933,0.22649294,-0.028643882,-0.7764426,-0.4696698,-0.057858534,0.016208937,0.23127268,0.66527
48527,0.059013035,-0.06772442,-0.2270072,0.21459156,0.38086557,0.88719076,0.18615481,-0.009468122,-0.19626054,-0.34851438,-0.5152269,0.04472345,-0.104439735,-0.08183466,0.16350728,0.43828532
38429,-0.42447218,0.21726283,-0.3631455,0.014032366,-0.07158515,0.89721096,0.38180894,0.10361344,-0.5508198,-0.02869447,-0.5902731,0.7154845,0.23005156,0.3655514,-0.13950177,0.5242384
39750,0.09282402,-0.14431028,0.14160497,-0.5396621,-0.18974906,0.7513793,-0.16320246,0.047848694,-0.03198017,0.03566063,-0.5010326,0.33895665,-0.32889393,0.24253617,-0.2511393,1.0628029
46669,-0.07931771,0.22715262,-0.2716872,0.31343588,0.41364303,0.979667,0.064978205,0.59099853,0.011691593,-0.25050148,-0.34185863,0.0742326,-0.28930745,0.049077906,-0.22186159,0.43639547
23966,-0.13476756,-0.072762266,0.0038680402,0.5501273,0.38375726,0.7919154,0.28847787,0.11399129,0.021754913,-0.21253759,-0.6070405,0.23977783,0.00819569,0.14004733,0.123130694,0.4893325
67,-0.30661902,0.1283371,0.27979946,-0.07215169,0.45813787,0.7566654,-0.5479034,-0.20345214,-0.13827081,-0.38537738,-0.50566226,-0.480069,-1.039578,0.0092880875,-0.099107035,0.40039507
2218,-0.065525375,-0.07116338,0.30149516,-0.0077497424,0.29496297,0.79805124,-0.08791344,0.019140374,0.104240574,-0.39751637,-0.4320388,0.019721037,0.0077603897,0.28978238,-0.31063694,0.4006634
51865,-0.5758857,-0.018187929,0.320847,-0.2904804,0.6827098,1.0704805,-0.35904974,0.13027166,-0.40880814,-0.2111561,0.24784394,0.3566704,0.51078653,0.4472116,-0.22629873,0.48370996
48976,-0.011476778,-0.18582195,-0.1539166,0.006397888,0.46642363,0.81220084,0.56959194,0.21861272,-0.3356875,-0.4779831,-0.11925834,-0.24810876,-0.13501552,-0.41876432,0.17627093,0.758167
51806,-0.13471475,-0.5570743,0.008529807,0.6602667,0.29185516,0.7168979,-0.0993245,0.2253616,-0.13390903,-0.48388958,-0.63055146,0.17780957,-0.52558833,-0.6147444,0.005130365,0.5815752
49922,0.19986571,0.107075915,0.16150716,-0.028043233,0.5867432,0.6751006,0.5101312,0.0981397,0.09406976,-0.4086868,-0.32311985,0.30330655,-0.18409696,-0.050871186,-0.0034197182,0.7015557
40905,0.14246234,-0.5962811,-0.69194317,0.036929157,0.27808008,0.6391121,-0.0018743426,0.5699495,0.03793413,0.26734677,-0.20920536,0.18193908,-0.115414225,0.11488668,-0.0073625157,1.0514729
51863,0.13236605,-0.23564683,0.4401185,0.3098142,0.28314167,1.0796728,-0.024337476,-0.35465252,-0.28327194,-0.6571653,-0.8074768,0.09005604,0.22424954,-0.053462315,-0.08104225,0.17444606
30597,-0.2688326,-0.43045127,-0.45898685,0.34694442,0.43884552,0.5850192,0.35949045,0.34925473,0.11206442,-0.06817957,-0.3918378,0.2750741,-0.0023521313,0.13572511,-0.030143088,0.5917829
38412,0.1768731,-0.070253335,0.027060363,0.5315669,0.7787559,0.6761093,0.35540038,0.23395959,-0.16057114,-0.55121654,-0.26391506,0.021036813,-0.046256058,0.1060611,-0.086458586,0.32797715
17496,-0.14980611,-0.14467418,-0.29164848,0.49077556,0.49581236,0.47464612,0.3606795,-0.14787306,0.08093178,-0.48628584,-0.3846712,0.13312224,0.23096043,0.09659454,-0.6930937,0.38004214
40367,-0.047107626,-0.54596657,-0.06577762,-0.11543093,0.41569012,0.615316,0.08007353,-0.09610874,-0.027177114,-0.14049128,-0.5076856,0.14753263,-0.39687017,0.4390116,-0.15817821,0.27361172
1394,-0.17157912,-0.19206391,-0.043711882,0.17213541,-0.084547475,0.48635566,0.10561982,-0.16987458,-0.114132024,-0.38909084,-0.6498474,-0.31266007,-0.3261724,0.58831215,-0.022505032,0.5281857
27236,0.4570935,0.46801758,0.7307602,-0.18974978,0.6050047,0.7533723,0.6181591,-0.18332079,-0.24613264,-0.030669097,-0.4556254,0.2637154,-0.20902692,-0.066092804,-0.103372134,1.0503551
51815,0.28299728,-0.5503228,0.2717328,-0.25186288,0.85894376,0.040950768,-0.14179467,0.2977927,0.1572952,0.0036913634,-1.2393272,0.7628843,-0.31268775,0.40357324,-0.14987347,0.28469372
49136,-0.181898,-0.07750189,-0.18536395,-0.028082814,0.3468611,1.0584475,-0.07002941,0.36934757,-0.12620965,-0.46742553,-0.026784036,0.4257539,0.43033043,0.1709796,-0.19371744,0.49799755
49938,0.13256337,-0.33475444,-0.048100002,0.06411048,0.43885913,0.85767627,0.17636918,0.032165598,-0.007780433,-0.5135602,-0.1992623,-0.059352975,0.033699904,0.08152695,0.022370445,0.4424941
51821,-0.18243074,0.39708942,0.123348184,-0.5579207,-0.0014855812,0.91796607,-0.57602584,-0.15806451,0.28332072,0.10996488,-1.1545883,0.17930168,-0.027830416,-0.038974553,-0.41031247,0.9343869
35481,0.01759425,-0.16612977,-0.40209827,0.27970558,0.65919113,0.66265464,0.18917613,-0.15497768,0.1652326,-0.28173265,-0.108802795,0.49598324,-0.23716167,0.24117385,-0.078126274,0.45619178
6478,-0.03517358,0.19517845,0.03032545,0.32776895,0.72502273,0.6838232,0.31146145,-0.03118306,-0.16476125,-0.36179247,-0.40592614,0.15323633,-0.8644656,0.11719031,-0.06386937,0.22463301
38559,0.2712002,0.10523473,-0.10765963,0.08944686,0.24809194,0.6580059,0.16604428,-0.07503642,-0.32669133,-0.31456253,-0.43861255,0.1533966,-0.046930995,-0.1442498,-0.5203069,0.7395839
2205,0.22114594,-0.07932581,0.036351383,0.050537765,0.07101565,0.5636407,0.11868515,0.14570725,0.05368117,-0.30632463,-0.5635326,0.4628424,-0.61943936,0.26709124,-0.27965617,0.6650677
18415,-0.4275927,-0.49752167,-0.25455502,0.51552874,0.17916921,0.445184,0.30760264,0.20300707,0.19839185,-0.5160558,-0.41282514,-0.16005862,-0.5144397,-0.19261293,-0.47578967,0.59796214
2023,0.24024633,0.11544978,-0.19021288,-0.35957262,0.5778958,0.5046959,0.39521894,0.03036929,0.05009827,-0.32491645,-0.45386285,0.31441948,-0.10012924,0.34980685,-0.07250565,0.4807434
40688,-0.121030696,0.15721592,-0.20376292,-0.50130063,-0.032783642,1.0559031,-0.22109786,0.47632208,-0.27675354,0.3416629,-0.30488396,0.29223117,0.044948068,0.27783614,-0.8642586,0.88438046
6921,-0.2633738,-0.20277764,-0.05390351,0.13248606,0.3309949,0.9480267,0.027894516,-0.150457,-0.04094555,-0.33609325,-0.37949422,0.15081917,-0.1498001,-0.13804409,0.08968347,0.492091
17775,0.3000904,-0.6602158,-0.34597355,0.4290776,0.4724079,0.24630414,-0.112321936,0.20600103,0.26117918,0.24550836,-1.018213,-0.22267205,-0.36908406,0.58889747,-0.07726607,0.7262512
38521,-0.26552662,0.22733735,-0.29052493,0.05809341,0.33326337,1.0025944,0.29086003,0.42101777,-0.45812178,-0.039601013,-0.22554533,-0.1424134,0.037121747,-0.14505091,-0.31988513,0.6852781
791,0.12096609,-0.36399838,0.08595687,-0.28080383,0.015188491,0.509719,0.1895901,0.07479204,-0.1646388,-0.10068305,-0.46424124,0.08618293,-0.4224174,0.34819046,-0.45590276,0.8077779
802,-0.22335243,-0.6234749,-0.39565533,-0.036173217,-0.18010888,0.14535274,0.29437882,0.45075738,-0.3656787,-0.39796355,-0.5941986,-0.3008784,-0.2570066,0.37858805,-0.2252598,0.7729976
51864,-0.25835216,-0.08814133,-0.0036674296,-0.034199663,0.39143592,0.72192234,0.61783755,0.5833206,0.028499419,-0.4418171,-0.30200523,-0.21054885,-0.20734434,-0.3984389,-0.1886813,0.8603767
38472,-0.16094662,-0.6732165,-0.33362326,0.2639815,0.23458022,0.17882207,0.53330547,0.3625408,0.43795002,-0.123767264,-0.7744324,-0.021702584,0.1427762,0.29049894,0.13639222,0.97435117
1174,-0.0023975542,-0.43023956,0.07765874,0.38219857,0.16138168,0.314611,0.5668917,-0.08844425,-0.41008174,-0.71084195,-0.73427665,-0.4868734,-0.53795636,0.6115683,-0.052900136,0.16165243
3580,-0.0082729785,-0.1863022,0.16118404,-0.47327763,0.42889148,0.40852734,0.4005268,-0.33427754,-0.062945366,-0.40601468,-0.39668503,-0.68348074,-0.47274458,0.20591682,0.024131585,0.73341167
6848,0.53486216,-0.43705985,0.114718,0.12565534,0.2163587,0.7985341,-0.2660491,0.28038067,0.07115028,-0.565603,-0.12671798,0.044869635,-0.21604407,-0.019070424,-0.33995223,0.7019275
40678,-0.16735315,0.16449039,-0.32087538,-0.30972475,0.40772447,0.10542537,0.21651368,0.43291676,0.04803981,-0.4971284,-1.0193001,0.3897205,-0.019310633,-0.24730654,-0.6942949,0.57772607
1294,-0.030376267,-0.53267187,-0.033997953,0.038311377,0.07997578,0.38991413,0.14435425,-0.047895838,-0.33122206,-0.3821655,-0.26132214,0.25921726,-0.09090448,0.50826204,-0.35532415,0.5817995
6794,0.044366173,-0.5238616,0.28710625,-0.31947455,0.020979704,0.75662994,-0.27547243,0.06280924,-0.082261294,-0.17967796,-0.8434314,-0.19451658,-0.14758119,0.33476096,-0.24576323,0.4412829
38503,0.012596623,-0.54429966,0.18513207,0.33521864,0.7658164,-0.12754737,0.09017427,-0.3674203,0.13201253,0.2853387,-0.96839035,-0.4479305,-0.10497702,0.50397336,-0.67837524,0.91404
2050,0.1283669,-0.9910135,0.21399303,-0.086042024,0.46083912,0.13617964,-0.037875146,0.2004812,0.084253974,0.23304527,-0.65524614,-0.1437766,-0.25606018,0.678827,-0.14089192,0.8700283
13801,-0.12204399,-0.114831075,-0.7036893,0.011841705,0.102363616,-0.0027519946,0.5216262,0.5330638,0.22340584,-0.8562275,-0.56003094,-0.3966524,-0.54660016,1.0973698,0.017530331,0.44454205
14645,-0.049567286,-1.2385463,-0.22623631,-0.055945996,-0.0011065273,0.16491684,0.24031362,0.5374449,0.09557507,0.1638709,-0.68223363,-0.107202575,0.03028378,0.5891106,0.08196323,1.1918552
38457,-0.16339734,-0.6650601,0.10526634,0.20672399,-0.13822614,0.41074446,0.25967082,-0.03265509,-0.38637894,0.50155234,-0.83252573,-0.3858099,0.101305746,1.0791978,-0.17047213,1.0853065
38459,-0.51679903,-0.7943816,0.3708519,0.033187386,0.58027196,0.5297028,0.100023136,0.17337903,0.24131092,0.20354879,-0.2908599,-0.29833853,0.6711989,0.44771987,-0.31015003,0.94336426
38545,-0.22793125,-0.426121,0.1084784,0.68856287,0.45288682,0.081243,-0.36755496,0.5858385,0.29635128,0.22750703,-1.2347753,-0.036345724,-0.38450748,1.0337632,-0.21310747,0.52261263
41697,-0.114092536,-0.036762763,-0.04993046,0.024656767,0.63973105,0.07263158,0.04674963,-0.59177375,0.2548735,-0.13338165,-0.85334086,-0.541999,0.025540493,0.058478735,-0.8243807,0.87907547
19967,0.33411428,-0.33554783,-0.0070370557,-0.009272586,0.73254377,0.8760256,-0.113899074,-0.037507687,-0.36538574,-0.56000143,-0.012715306,0.030682499,0.38243255,0.17599551,-0.35979968,0.2934309
38364,-0.0052088927,-0.061584234,-0.21017264,0.019718293,0.677674,0.7939277,0.33994067,0.32178456,0.13272382,-0.3963417,-0.47350374,-0.12334303,0.07287191,-0.18857953,0.066454805,0.48130554
27673,-0.49961326,-0.2641856,0.061851114,0.53577954,0.558902,0.7641814,0.15150185,0.029184466,-0.10387546,-0.4200021,-0.60056484,0.13212565,0.4440045,0.3749962,-0.2614258,0.061475493
23929,-0.15290843,-0.1431069,0.31446794,0.36217377,0.9326711,0.532508,0.49811128,0.38317278,-0.642939,-0.6656968,-0.032885034,0.3139989,-0.39377838,-0.5951484,0.18270351,0.71371496
23359,0.4837651,0.26441774,0.31604457,0.35813797,0.118660815,0.7765431,0.20609948,-0.492592,0.3886691,-0.73237264,-0.228174,0.25088763,-0.2026767,1.0283782,0.14433102,0.6521706
1770,0.15918645,-0.0747214,-0.18483685,0.2709537,0.5769343,0.7070305,0.27962652,0.1510336,0.24522187,-0.67256975,-0.02088851,0.057076212,-0.078397915,0.47956708,-0.005839589,0.32887253
52427,-0.061307732,-0.06283089,-0.27091086,0.14677475,0.58822775,0.919571,0.27611464,0.15198392,-0.046853866,-0.4888033,-0.108746506,-0.077737756,0.10863181,-0.09633303,0.039427765,0.44317448
33843,0.5764433,-0.6163673,-0.18576878,-0.09007419,0.57565975,0.7493797,0.007998847,0.38037264,0.055172924,-0.17679246,0.03912483,0.4750858,0.27646664,0.4086333,-0.28369793,0.6644182
2367,0.6737849,-0.34907433,-0.4798317,0.08713444,0.72955924,0.5605547,0.2483773,-0.098588854,-0.84477097,-0.4733355,0.009249481,-0.16459537,-0.07752877,0.21377636,-0.39679477,0.3229755
7111,-0.6434471,-0.0610162,-0.388809,-0.008248697,0.15577978,0.9916232,-0.002071465,-0.14771926,-0.44657314,-0.03746354,-0.417073,-0.1354825,-0.55490416,0.28417188,-0.22702439,0.2665999
10594,-0.24064642,-0.12457526,-0.08728648,0.1890839,0.7335048,0.9841447,-0.1322896,0.055366293,0.19270343,-0.26443315,-0.32642964,0.33440408,0.13995735,0.297693,-0.08418942,0.19519071
16343,0.41082427,-0.2579834,0.20096396,-0.19636674,0.27885804,0.47945523,0.70715225,0.3172973,0.2828969,-0.6965328,-0.5854429,0.5822967,0.36685628,0.12479122,0.22212511,0.8121122
38481,-0.39394298,-0.23703071,0.067005314,-0.36178166,0.41341263,0.9001437,-0.263441,0.15803973,-0.12376898,-0.040851925,-0.5877084,-0.576631,-0.06629626,0.12490677,0.041042738,0.4767818
10599,-0.21857953,-0.05346367,-0.06674213,0.503652,0.76843846,0.96752,-0.27686965,0.09481699,0.19738433,-0.52815473,-0.28746122,-0.039299037,0.18839169,0.23535848,0.0820445,0.14468335
35769,-0.3323043,-0.3997505,-0.11357606,0.44300547,0.05482108,0.80824465,-0.014229656,0.13888527,-0.14317386,-0.22108631,-0.14483298,-0.20413122,-0.44320726,0.3320511,-0.8690803,0.4646602
10584,0.29568195,0.34743547,0.026384523,-0.13815665,0.4076028,0.87061846,0.3900114,0.14826839,-0.20122656,-0.30167666,-0.32506752,-0.26089337,-0.24996969,0.3991912,-0.5035225,0.5098997
38468,0.2231793,0.56023425,0.0059857476,-0.63136506,0.8881448,0.47557768,0.6884343,0.38813156,-0.1714091,-0.36903745,-0.8311603,0.6331878,-0.21382289,0.54457915,-0.40548903,-0.013969248
38552,-0.006114619,0.32514802,-0.084839165,-0.62717474,0.14109898,0.44855705,0.3933263,0.27753818,-0.14543758,-0.3021668,-0.61324036,0.05839262,-0.24944669,0.19877376,-0.5882939,0.7169824
52399,-0.27684706,-0.6685583,-0.2596325,0.17726648,0.80847955,0.8637321,-0.23893468,-0.283483,0.22166345,-0.95491654,-0.42569605,-0.13553102,0.03889373,-0.32688445,0.24279843,-0.008255055
29665,0.05002749,0.25616467,-0.7793233,-0.045637604,0.5314405,0.22208504,0.54854,0.7023221,0.30500638,-0.8710005,-0.18886608,0.03431166,-0.60493845,0.48246276,-0.13810873,0.4972937
42479,-0.104524836,-0.14347698,0.12747654,0.23019852,0.7905605,0.61439085,-0.34552324,0.666859,-0.5643487,-0.82138085,0.00492979,-0.057303663,0.45455384,0.44361895,-0.8118643,-0.012928546
49133,-0.3089667,-0.41034442,-0.22125258,0.7704662,0.4457475,0.62522244,0.25158185,-0.27848822,0.19139965,-0.14387248,-0.08824567,-0.10716491,0.012669114,0.4755648,-0.62968045,0.5580869
49986,0.5093213,0.5239315,-0.38271612,-0.0050068134,0.1290532,1.0490341,-0.5899575,-0.6290812,0.34283677,-0.36749238,-0.7706739,-0.043065205,0.2233572,1.0936666,0.109169595,0.41062677
21474,-0.008917392,-0.13339055,-0.13818552,0.30825362,0.29161543,0.87876016,0.09675634,-0.17659658,-0.153763,-0.6832681,-0.31448585,0.17621265,0.19826816,-0.12320188,-0.06289979,0.4302486
10624,-0.36801505,-0.22565341,-0.2828713,-0.039328992,0.42957693,0.032662127,-0.19577836,-0.33675063,0.28853038,-0.6746324,-0.59458977,-0.26397866,-0.37776935,-0.14944588,-1.540659,0.55650806
10616,-0.066905744,0.66159457,-0.36620674,-0.21231824,-0.03817417,1.1184245,-0.42713004,-0.21941796,-0.085103124,0.0052826772,-0.7902734,0.0725284,0.085593075,0.21289194,-0.28560945,0.67152834
31913,-0.3515429,0.092053205,0.19610187,0.14316057,0.71477854,0.7898869,0.0814078,-0.26816487,0.0367437,-0.66962725,-0.7818115,-0.035039157,0.34024867,0.4006761,0.084473304,-0.14086388
24553,-0.24745035,-0.081412025,-0.24938503,-0.35043475,0.67375547,0.31427982,0.46089533,-0.015797874,-0.07385751,-0.61886615,-0.52542305,-0.04861222,-0.02173105,-0.15159193,-0.23138444,0.40259495
2120,-0.48582688,-0.21018727,-0.1783129,0.09336588,0.15988141,0.5644177,0.09976182,-0.20279509,-0.275656,-0.12547167,-0.28607768,0.2768879,-0.7053938,0.5406073,-0.10892768,0.4692436
2434,-0.09869366,0.06830766,0.42032143,0.33419546,0.56942654,0.5507322,0.52545756,-0.50126135,-0.2854676,-0.38525867,-0.5762276,-0.07497754,-1.0813118,0.3601399,-0.022100138,0.2557063
6770,0.020758286,-0.21185693,-0.039941315,0.35752985,0.6760421,0.6693249,0.1767973,-0.07656483,-0.10878593,-0.577474,-0.5916294,-0.14195126,-0.17461605,-0.094367795,0.05582074,0.19705114
6968,-0.08804908,-0.14501242,-0.38579336,0.06255267,0.38096276,0.67413265,0.46414113,0.13630301,-0.10408416,-0.54316235,-0.38800615,0.04672685,-0.11489177,-0.014643681,-0.13059124,0.3624418
7015,-0.09151398,-0.0144788865,0.13480674,-0.6090999,0.22050714,0.94257617,-0.5440048,-0.25891426,0.10841043,-0.07789594,-0.7419325,0.010728359,-0.46843398,0.11324422,-0.27504468,0.539674
24487,0.03653303,-0.18299837,0.11092382,0.3891815,0.4979762,1.1517936,-0.062967196,-0.0040155295,-0.19964966,-0.67602146,-0.41379642,-0.13570489,0.37201056,0.14007358,-0.15528347,0.1195276
27145,0.080634065,-0.21018188,0.1293374,0.37903196,0.3590153,0.9508231,-0.05633075,-0.33952618,0.18615259,-0.73437464,-0.36909097,0.036497854,0.175124,-0.1747022,-0.14064504,0.48171481
31264,0.43535665,-0.24143717,-0.17377777,0.09801508,0.2737085,1.081736,0.054385602,-0.3960751,-0.14497799,-0.6529997,-0.052016005,-0.13089544,0.48533413,0.59402287,-0.16677125,0.32240012
31270,-0.115921184,-0.31818303,-0.32232744,0.3901323,0.3295245,0.9286355,0.06496201,-0.055767354,0.07410615,-0.66614485,-0.110713154,-0.20928356,-0.14745699,-0.112087145,-0.0043652905,0.4245759
35767,-0.005008174,-0.56049114,-0.11604805,-0.112460226,0.050676405,0.35092235,-0.02488245,0.02897743,-0.083711065,-0.29733536,-0.3097373,-0.04366951,-0.6170674,0.5327366,-0.037955403,0.70665
38533,0.07819798,0.28244948,-0.42232653,-0.18434206,0.53366673,0.70938116,0.39081892,0.2548996,-0.23336425,-0.4088334,-0.10280348,0.19072361,-0.2709524,0.26234335,-0.30920988,0.37299913
38568,0.028916024,0.03381283,-0.097250536,-0.16662718,0.3492676,0.7749305,0.2436303,0.10607495,-0.12875819,-0.50855184,-0.4977924,0.08957909,0.02186071,0.048489768,-0.15816922,0.31705126
40092,0.1648335,0.22910611,0.20025116,0.023466717,0.4761071,0.737448,0.3188644,-0.51153785,-0.43412358,-0.3224417,-0.42356905,0.47551113,0.035842918,-0.06490669,-0.36047402,0.5726163
50105,-0.07192138,-0.18365021,-0.14518541,0.3606077,0.45394108,0.8380438,0.10802405,0.111377634,0.25368005,-0.35320267,-0.117162764,0.30432823,-0.11686497,0.10306936,-0.36463282,0.5333965
52107,0.010230502,-0.15664415,-0.39880276,0.09027669,0.503012,0.95169,0.10815935,-0.11829124,0.16791956,-0.7552673,-0.20545831,-0.001982977,0.19116026,-0.18720116,-0.12322443,0.4513828
54394,0.17026012,-0.23408118,-0.04149924,0.45794702,0.8042491,1.0459272,-0.13669816,-0.18666555,-0.34024546,-0.6109497,-0.19687006,-0.25939992,-0.024511367,-0.00051039085,-0.09371628,0.06342156
54415,-0.4725741,-0.12635896,0.10134014,-0.16987251,1.0083323,0.6001526,0.16538934,-0.08747075,-0.27715877,-0.24356514,0.1146813,0.6012185,0.13698177,0.12448787,-0.36894456,0.4869205
6754,-0.38707718,-0.27171323,-0.3845537,0.06723644,0.3611403,0.7138353,-0.10235148,-0.0124055715,-0.46429005,-0.0025196301,-0.06706979,0.21258716,-0.6331546,0.26726967,-0.36128238,0.4196302
38477,-0.45416564,-0.10842977,-0.28765568,0.07798939,0.22820795,0.5204466,0.4955299,-0.122349486,0.40656808,-0.16018403,-0.1384803,-0.052334193,0.21217169,0.07099622,-0.054027565,1.2187599
532,-0.6000016,-0.3982323,-0.045171324,0.23566613,0.17653573,0.6296437,-0.04362421,0.12877703,-0.6963379,-0.10243209,-0.04470475,-0.13397312,-0.89198,0.4456192,-0.4043668,0.5201065
1286,-0.05359667,-0.78684396,-0.28359908,0.23915349,-0.212256,0.42654264,0.47069532,0.19441926,-1.0263395,-0.2841826,-0.1852322,-0.14432932,-0.44415647,0.3137906,-0.41374722,0.77926797
1842,0.3587245,0.12773496,0.23445842,0.22761455,0.7312217,0.5264982,0.7324088,-0.46582267,0.09082618,0.28633276,-0.1505013,-0.08155419,-0.49816725,0.27409917,0.08353283,1.2737857
2169,-0.011337312,-0.057501316,0.17173646,0.7422192,1.0161752,0.80105144,0.43165815,-0.48703775,-0.3322485,-0.08002955,-0.20749997,-0.31468296,-0.8522122,0.27218634,0.13742721,0.24112305
10622,0.34011596,-0.11900932,-0.13244776,-0.3526698,0.25178623,0.7539539,-0.10106926,0.44202435,0.10305872,0.30878437,-0.07942244,0.54552084,-0.39781636,0.09312904,-0.52606624,1.2757546
14926,-0.20432338,0.40862024,-0.8585104,0.084596574,0.30956322,0.36231816,0.40195993,0.842353,0.27727675,-0.9502704,-0.38735017,0.11078236,-0.4616532,0.6472412,-0.3266063,0.17736965
38432,0.1082073,-0.30261347,-0.69808495,0.02325022,0.765118,0.7492972,0.048048675,0.33101618,-0.42463008,-0.2565861,0.42249712,-0.055370554,0.06946828,0.09586422,-0.06164455,0.70916533
38571,-0.2764249,-0.36142206,-0.6767527,-0.2632446,0.009618647,0.5932533,0.061898965,-0.04069128,-0.28939694,-0.39108267,-0.424017,-0.13108668,-0.50046444,0.3413024,-0.5000334,0.25591013
49127,-0.7813868,-0.523279,-0.7639376,-0.21546869,0.39694634,0.7393265,-0.01553818,-0.44199312,-0.23379065,-0.07253082,-0.41638684,0.061686505,-0.6172007,0.3264712,-0.33725527,0.04455982
52422,-0.51901287,0.74337876,-0.5200998,0.08142364,0.41960022,0.9071655,0.32133287,0.12973937,-0.74791104,-0.053561557,-0.026155125,-0.060581584,-0.34436122,-0.18160495,-0.5425999,0.7361948
54397,0.6596379,-0.02403512,-0.5010676,0.21799469,1.1431069,0.43169597,0.032884844,0.7714186,-0.3547234,-0.40771246,0.07760928,-0.036237057,-0.3533785,0.11513311,-0.30018947,0.45169413
59515,0.13385545,0.1508938,0.31755155,0.06512396,0.89082503,0.35710025,0.5268226,-0.096613824,0.1396648,-0.59720945,-0.13408947,0.8853868,-0.15423602,0.24620424,0.10887275,0.69123423
38470,-0.18376087,-0.0030109328,-0.285695,0.01434516,0.71550936,0.7898753,-0.077904984,0.054744877,-0.21931526,-0.5044391,0.037881948,0.024317171,0.39003548,0.58989596,-0.19231899,0.13182545
24514,0.38237858,0.06098674,-0.1441414,0.019418463,0.5205575,0.4212517,0.07179777,-0.28014416,0.21290016,-0.19153817,-0.7339582,0.14913659,-0.33728126,0.049238574,-0.625093,0.7179776
30368,-0.06358979,-0.34434402,-0.5950245,0.46969047,0.02366722,0.7238876,0.5450216,0.25835767,-0.033343077,-0.3981081,-0.273596,-0.19888982,0.111101344,0.3817247,0.21770847,0.6849504
30442,-0.035297856,-0.50839645,-0.19891095,0.7334141,1.0517939,0.48802668,0.3992339,-0.08908827,-0.25354922,0.3772788,-0.6787018,-0.35792226,-0.59949887,0.4469236,0.24541786,0.3510935
56316,0.60425323,-0.31900036,-0.32309958,0.2559902,0.7972694,0.6785219,-0.0074726506,-0.16331027,0.09225973,-0.42592412,-0.28671595,0.35062322,0.32239455,0.09207616,-0.0061895237,0.52104235
59459,-0.03563228,-0.016542114,-0.72458637,-0.2701707,0.4476173,0.78383386,-0.4913135,0.5839663,0.2989738,-0.32125917,0.09936363,-0.22906116,0.11508652,0.024848567,0.38068244,1.1383077
61840,-0.29838338,-0.9153225,-0.64245546,0.21490473,1.1421179,0.5018224,-0.084883824,-0.114512175,0.48827058,-0.9564349,-0.42722377,0.01622449,-0.22818196,-0.52952415,0.12445427,0.06578153
61854,0.09998786,-0.37245876,-0.49385864,0.26270348,0.5596609,0.6020291,0.0969706,-0.9367471,-0.080153555,-0.31500527,-0.43550035,0.4900997,0.020224757,-0.15058835,0.17630216,0.7094246
61856,-0.5813857,-0.04195012,0.2924932,0.024402551,0.5826332,0.9480611,-0.09579511,0.095876455,-0.48202726,-0.31574875,-0.16002706,0.9076451,0.8692634,0.5184146,-0.5861469,0.22107795
38471,0.15840812,-0.37793162,-0.36874992,-0.31621507,1.1823392,0.46644545,0.35460153,0.2934108,0.06690765,-0.5849894,-0.3340335,0.05391185,-0.34643623,0.3002978,0.20987989,-0.04387283
1158,-0.44484755,0.32068363,-0.30796,0.44731873,-0.21758007,0.9073277,0.56119365,-0.019378621,-0.44216385,-0.3287447,-0.8673236,0.08831519,0.06511672,0.35854152,0.1433482,0.43412197
49904,0.17886417,0.47077236,-0.38476864,-0.17620707,-0.0465114,1.0840888,-0.4229019,-0.20000827,0.034819856,-0.118851066,-0.8987436,0.22273,-0.1469656,0.34977347,-0.039961293,0.5310036
61801,0.1190197,-0.08560007,-0.7619341,-0.054044884,0.47175333,0.431756,0.16055062,-1.4637191,-0.58167154,-0.52364063,-0.43486458,0.4147476,0.4949089,-0.22802901,0.15648343,0.9481957
38982,-0.58077043,0.6375149,-0.5252648,-0.15228035,0.03372058,0.8854308,0.32347652,0.16916618,-0.39671862,-0.2571086,-0.5714775,0.25133482,-0.24697383,0.15374921,-0.15038747,0.45357764
2199,-0.2610335,-0.14423592,-0.48939392,-0.31762028,0.47112933,0.23548125,-0.11441079,-0.33564377,0.3301375,-0.5961052,-0.3190245,0.3552312,0.14327505,-0.028605727,-0.43787882,0.6277497
4272,0.08177539,0.15956713,-1.0569668,0.073729575,0.45203847,0.13255203,-0.07803816,0.31898278,0.12107412,-0.25376236,-0.87668854,-0.28769886,-0.772537,1.0085211,0.39697507,0.5288207
56353,-0.12144687,-0.08658433,-0.26618525,0.22033785,0.50099516,0.8424231,0.056085106,-0.002690513,0.18462254,-0.58467966,-0.33677173,0.2986407,-0.024822274,-0.026250247,-0.3124165,0.37535343
61800,-0.028895516,0.132249,-0.57270515,-0.48559815,1.035054,0.36726847,0.006382751,-0.04574202,0.24735832,-0.5351864,-0.53493154,0.20222838,-0.6158336,0.12545434,-0.904062,-0.013874682
26219,-0.62312055,0.6537672,0.029596372,0.20650429,-0.27120772,1.0313251,0.34540358,-0.20181824,-0.38710096,-0.21007568,-0.8484736,0.32996047,-0.29919145,0.445584,0.025588429,0.49258673
52106,-0.737851,-0.34016594,0.3360411,-0.6647623,0.6962261,0.9359734,-0.11943968,-0.41961443,-0.4649718,-0.59808934,0.509208,0.44899696,0.11378769,0.47649038,-0.18910278,0.42821154
130682,-0.64501035,-0.24931902,0.5971684,-0.0836295,0.4243119,0.74610204,0.5049346,0.5275887,-0.4050295,-0.57371104,0.047292702,0.41736266,-0.25878263,-0.07187618,0.3009008,0.92689735
63292,0.105941236,0.14961447,0.12308588,0.3277539,0.73498094,0.18863851,-1.0283495,0.4470146,-0.9826826,-1.1904325,-0.64231783,0.6101558,-0.0012994857,0.39614967,0.15007849,0.45256543
26663,-1.0580983,-0.22790974,0.37829402,0.37627634,0.7190474,0.61072034,-0.6356441,0.39128986,-0.81719536,-0.43655655,0.44214785,0.16045912,-0.65561783,0.7026242,-0.30028415,0.50744015
61846,-0.38487163,-0.08114123,-0.16732296,-0.16200472,0.7234504,0.71396756,0.2259632,0.1373146,-0.09851086,-0.74866366,0.104905225,0.12062375,0.29471684,0.09171985,-0.1839398,0.3862222
15597,-0.09675417,-0.14467236,-0.6678035,-0.2973573,0.40674046,0.25889555,0.659079,0.40147713,0.05569116,-0.76034385,0.042106688,0.19463769,-0.5508536,0.80698866,0.21265735,0.44996816
73529,-0.40540364,0.065232605,0.6189358,0.17922972,0.3976788,0.36775362,-0.009077638,-0.19863181,0.53615093,-1.0305098,0.04766283,-0.14036827,-0.2330599,0.17831825,-1.1674507,0.85273284
13010,-0.14176613,-0.68202114,0.09241571,0.091532305,0.02084835,0.15825634,0.2705489,-0.7321602,-0.6941786,-0.6174616,-0.5478347,0.5327952,-0.15984325,0.38133752,-0.15833466,0.58217525
8311,-0.06205641,-0.65581185,0.11393954,-0.024903627,-0.23483217,0.54267406,0.31350717,-0.28930837,-0.97657806,0.26336926,-0.60046893,-0.08290044,-0.15892556,0.7357927,-0.009195163,0.93829197
40918,-0.17584543,-0.6174473,-0.19257848,-1.2162876,0.19048406,0.49167582,-0.14713517,0.4732894,-0.369359,-0.30093592,-0.096714534,0.6524871,0.1462491,0.6102446,-0.19034517,0.68228894
7103,-0.45870855,-0.5783954,0.18455152,-0.8518797,0.33178195,0.60082,-0.12045097,-0.107695624,-0.52379364,-0.16824876,-0.3199438,0.14713545,-0.6003664,0.3554546,-0.14904769,0.43041226
80666,-0.4926449,-0.11801001,0.22026536,0.6196341,0.40357825,0.72093767,0.33681443,0.10713807,-0.32419765,-0.6054171,-0.6005924,0.5072331,-0.33812228,-0.37165326,-0.12975608,0.4302048
46620,0.14111648,-0.49183577,0.5904702,-0.33241996,1.1309036,-0.06474731,0.19632933,0.038766,0.1943566,-0.15350813,-0.4049365,-0.51102304,0.24010451,0.91603065,-0.3876201,0.72718054
1679,-0.15917785,-0.6409179,0.08838922,0.10258416,-0.20332052,0.35591024,-0.1841569,-0.05570681,-0.3314535,-0.26785845,-0.6365238,0.47512192,-0.83117944,0.16722286,-0.38816518,0.6879496
2343,0.13945378,-1.2526101,0.002098416,-0.39517176,0.07252977,0.29773092,0.12626275,-0.043989014,-0.25937817,-0.41528997,-0.35798317,-0.080176935,-0.27674946,0.61574554,-0.13494347,0.6110768
7030,-0.18238206,0.23453347,0.15369283,0.14885828,0.7809605,0.43802282,0.27620935,0.14266416,0.5003538,-0.72684884,-0.18697673,-0.6771711,-0.3895214,0.5993325,-0.38486657,0.43215033
10610,-0.3401808,0.21037091,0.72030115,-0.19650406,0.5898357,0.9025687,-0.11225549,-0.39337847,-0.56150156,-0.42542753,-0.22073871,0.852795,0.6166206,0.35340673,-0.44552195,0.45736402
12722,0.009104692,-0.6452656,0.5080401,-0.3189696,0.13450895,0.25737593,0.11003336,0.332981,-0.3568622,-0.36646393,-0.9978997,-0.5650464,-0.28026286,0.7040205,0.11638723,0.4641551
13351,-0.034739736,-1.0021102,0.19737864,-0.41002533,-0.18877214,0.3764831,0.13237585,0.08371769,-0.32536826,-0.24163403,-0.37838483,-0.056444366,-0.534415,0.70296,-0.17851359,0.8990772
20220,-0.5990827,-0.08381317,0.2825655,-0.31741574,0.29162592,0.8738404,0.075407125,0.02814468,0.116949916,-0.05968888,0.13283134,0.45297253,0.32700342,0.048518848,-0.1852994,1.2496449
20344,0.41745707,-0.88905144,0.07839132,-0.36278167,0.003269263,0.49263537,0.12343714,0.27909932,-0.53991073,-0.35957924,-0.29637253,0.19061522,0.17563988,0.44058955,-0.12471643,0.75908333
42458,-0.44411004,-0.103041194,0.7913064,0.2596673,0.75743645,0.3858931,0.008479578,-0.575141,-0.7051069,-0.68585664,-0.34269503,0.94324774,0.041349974,0.18715377,-0.54321533,0.2661831
46981,-0.48073986,-0.18115819,0.69542205,0.25663915,1.0908298,0.54339474,0.50723284,0.6927742,-1.0886723,-0.8710821,0.11693887,0.4831417,-0.54632896,-0.74479294,0.5814736,1.2201298
49094,0.45537594,0.016349789,0.26738137,0.06408616,0.37206942,1.0218731,-0.49853352,0.3694477,0.0005378387,-0.14735185,0.027844766,0.67316675,-0.38821268,-0.08434222,-0.46187344,0.9628146
55352,-0.6467931,-0.24905266,0.3032112,-0.6840301,0.9037614,-0.056859415,-0.048257645,0.35649806,-0.5835437,-0.62899375,-0.8881627,0.6555315,-0.17460047,0.026733689,-0.46824428,0.11324674
56327,-0.09530129,-0.13853624,0.15460844,-0.11408128,0.5780184,0.4300431,0.20981574,0.9818143,0.58059937,-1.4766738,0.17052138,-0.17178631,-0.038584933,0.33713332,-0.741828,0.44766992
60583,-0.21120833,-0.7204,0.12791626,-1.1890752,0.7325863,0.20380968,0.19204906,0.18484627,-0.13643633,-0.71496654,-0.51838297,-0.32465082,-0.23462623,0.021322511,0.19042173,0.54440236
61207,-0.3853208,0.07348308,0.41808963,0.16001876,0.91118,0.9671792,0.5146434,-0.4959384,-0.57617086,-0.281296,0.17658779,-0.020039346,-0.7550605,0.37560502,0.078815915,0.21257675
61791,-0.54179126,0.43806973,0.21222381,-0.88477975,0.5677345,0.6503789,0.21228403,0.4043284,-0.79787326,-0.3681922,-0.50841576,0.6400116,-0.015355316,0.44452366,-0.5319508,0.08026857
61861,-0.1569107,-0.75893444,0.054751392,-0.06781609,0.48177752,0.9331964,-0.64482826,-0.29344335,0.52865416,-1.0100051,-0.20024352,0.28893107,0.042868353,-0.72633296,0.012224019,0.6902659
61972,-0.3162893,0.27975243,-0.65475935,-0.27288538,0.3271155,0.3102456,0.6636095,0.6531213,0.2389402,-0.8799712,0.18308274,0.2512358,-0.81578237,0.70225513,0.15094335,0.754953
80399,-1.0652423,0.041826222,0.6925216,0.5513606,1.0348341,0.43518478,-1.1033458,0.3795401,-0.25309092,-0.6915124,-0.049874745,0.26631114,-0.28395334,1.0265496,0.34878314,1.0100192
115762,-0.51104236,-0.098019525,0.7255897,0.39824283,1.1417277,0.5377548,0.40439016,0.71844095,-1.003144,-0.76574636,0.03180007,0.54283303,-0.5806553,-0.6062619,0.6690038,1.13119
115763,-0.52784127,-0.19747277,0.80316365,0.39768437,1.1651419,0.46003753,0.39392102,0.7460621,-0.9744207,-0.90070546,0.053601373,0.43916652,-0.5913971,-0.6725065,0.44696376,1.1096225
115764,-0.7561066,-0.061136052,0.8682565,0.40255135,1.2235377,0.30964443,-0.04754104,0.66975737,-0.94933087,-0.8324404,-0.04209825,0.6167907,-0.86639184,-0.4367068,0.3243136,0.97598547
115768,-0.57207274,-0.19477369,0.90302074,0.33564422,1.1898628,0.45057353,0.40013137,0.69852835,-0.86135185,-0.91860366,0.0523749,0.46705726,-0.6508983,-0.62487596,0.4004096,1.0751418
115771,-0.47904703,-0.16463691,0.69516915,0.3150194,1.07531,0.59945464,0.58343935,0.55663645,-0.95850384,-0.8639108,0.19858085,0.48224273,-0.44874823,-0.7078738,0.56363285,1.1683432
130678,-0.49770996,-0.34098595,0.63526094,-0.103661075,0.46397525,0.7027613,0.32447794,0.53470784,-0.3305143,-0.808054,-0.04272866,0.35058773,-0.22237444,-0.20863906,0.21437782,0.8357476
130681,-0.55929583,-0.21488596,0.71933746,-0.066017546,0.5282435,0.7198782,0.2859797,0.51697946,-0.3636785,-0.6676479,-0.076013215,0.36606136,-0.15690862,-0.16381517,0.27342665,0.8448431
83700,-0.42901972,-0.1044566,-0.11377309,0.5151684,1.1920398,0.71880144,-0.2158971,0.09928484,-0.1688298,-0.74663836,-0.038563993,0.099820994,0.34688848,0.5800485,-0.19424358,-0.15163669
61823,0.07926032,-0.35794568,-0.7664101,-0.14282587,0.9690793,0.37646446,0.14945072,-0.22404379,0.020090625,-0.85376424,-0.04508263,0.16202094,-0.057610903,-0.14568721,-0.31563482,0.34865957
40410,0.3515935,-0.1675352,-0.8966742,0.04596128,0.58402246,0.4341715,0.09122086,-0.1530061,-0.29792485,-0.6927828,-0.14217073,0.45283303,-0.40000448,0.45254862,-0.6221113,0.094372824
44146,0.5265961,-0.32975033,-0.9854476,-0.41153458,1.0041721,0.3406374,0.07722709,-0.8159857,-0.8973363,-0.43683627,-0.09579982,-0.014957536,0.1155921,0.04733104,-0.31571606,0.47975162
48522,-0.39078853,-0.12871996,-0.25976664,-0.59124064,0.40433288,0.64985263,0.53487116,-0.6484164,0.017922895,-0.40107584,-0.26996014,-0.2667444,-0.475003,-0.07444058,0.17575186,0.72377396
56349,0.37112474,-0.31340986,-0.25444272,0.14578833,0.9305505,0.73971593,0.09726141,0.2735984,-0.45081502,-0.8579802,0.05477093,-0.18686591,0.13432154,0.4558712,-0.6140546,-0.0828417
60181,0.25592768,-0.75887764,-0.91644657,-0.7959331,0.9343513,0.22196458,-0.025013266,-0.5134203,-0.7871013,-0.1954244,0.09019831,0.17424375,-0.31985158,0.29615736,-0.40393624,0.51316327
27266,-0.15180004,-0.8340772,-0.39000157,0.5220413,0.4107687,0.7035918,-0.25671592,0.048353024,0.15265451,-0.40370825,-0.7359931,-0.13689627,-0.2554503,-0.31928158,0.13644321,0.35160756
61828,-0.23447987,0.006277924,-0.6361716,0.49586755,0.7161684,0.8067472,-0.40331948,0.06796489,0.5528111,-0.11978945,-0.42026284,0.6817827,-0.40023178,0.43315625,-0.3568756,0.152818
9870,0.2431763,-0.33927515,0.3698189,-0.04778574,0.20852995,0.6049871,0.33568573,-0.19037427,-0.046720322,-0.4045473,-0.53374344,-0.008890449,-0.5406796,0.71976787,-0.077592686,0.41680092
39642,0.23897897,0.20054242,-0.29957554,-0.5051316,1.2851268,0.43006697,0.029131403,0.1064764,0.12776743,-0.48125657,-0.60441357,0.62005794,-0.5469945,0.6153125,-0.4588273,-0.3536907
59473,0.04556198,-0.10087015,-0.054591153,-0.87766284,0.515988,0.8047947,-0.4177762,-0.020361863,0.23687515,-0.30445233,-0.6815876,-0.69169945,-0.18811257,0.06304825,-0.31019107,0.450617
61785,-0.053924747,-0.011498409,-0.102672,-0.48577073,0.9054269,0.3184536,-0.46396118,-0.26282644,0.51848084,-0.57024086,-0.7744455,-0.704238,0.0045475,-0.20028546,-1.0848504,0.525692
79775,1.2248917,0.14295335,-0.06402602,0.25039476,0.8221695,0.4669976,-0.8210963,0.46939597,0.09194784,-0.8907052,0.35817805,-0.13005547,-0.468475,-0.065956764,-0.3665986,1.3930106
10597,-0.34041372,-0.20365895,-0.51883936,-0.26090536,0.27715766,0.6516719,-0.067998506,0.36456627,-0.2745097,0.042672463,0.0014738558,0.34478736,-0.13920014,0.038564533,-0.57901436,0.8251547
52347,1.0589991,0.34753636,0.28875533,0.35660872,0.6285462,0.7596563,-0.810829,0.3292126,-0.042537868,-0.7404407,0.0006949095,0.5286807,-1.1082321,-0.16369069,-0.46136263,0.9805775
52381,0.4630334,-0.74607533,-0.072838694,-0.063821085,0.3952628,0.7535761,0.029377045,-0.22760539,-0.092599295,-0.82339114,-0.02293285,-0.11846145,0.2713144,0.43294775,-0.49194512,0.297515
14436,-0.018215995,-0.9106063,-0.16096501,-0.663385,0.8431745,0.22519201,0.0702305,-0.059089705,0.055932138,-0.044026628,-0.42866352,0.031901702,-0.30960563,0.23150207,-0.025852285,0.58543956
1438,-0.17053553,-0.61998844,0.35080191,0.37482607,0.058622375,0.06252086,-0.18923743,-0.07400197,-0.78843296,-0.54158556,-0.52302086,1.1456558,-0.9608304,0.28317422,-0.17556013,0.68730044
1994,0.40337357,0.03554659,0.224125,0.95396775,0.27664316,0.6351172,0.8005757,-0.7441223,0.08403433,0.049663667,0.20497721,0.24956748,-0.54874605,1.0479213,-0.043554924,1.3620708
38371,-0.09058791,0.24339902,-0.85341704,-0.10499127,0.31001678,0.205796,0.5480677,0.4151855,0.47239548,-0.59247345,-0.250801,0.23389442,-0.6218533,0.8449327,0.24521305,0.70213354
31261,-0.05114333,-0.086363286,-0.20624648,0.7419455,0.68155944,0.7001354,0.59692144,-0.28847936,-0.24213357,-0.4119294,-0.25725347,-0.3350243,-0.46221107,0.10237588,0.029443342,0.39024785
49930,-0.46906555,-0.17112993,0.26625842,-0.20647286,0.54897064,1.0057427,-0.12983651,-0.73700434,-0.42892233,-0.7988426,0.1638898,0.3537912,0.23817962,0.38327995,-0.22859164,0.13824458
49103,-0.37635148,0.04155947,0.073321536,-0.17660771,0.5098164,0.83256066,-0.26828432,0.5471058,-0.90930355,-0.7592949,-0.1123851,0.8506332,0.74750787,0.89813536,-0.5667619,-0.071232945
38372,0.13577858,0.04000548,0.5347904,0.0071271965,0.64409256,0.67167675,-0.3244908,0.023516359,0.5560058,-0.692241,0.13665454,-0.40541008,0.3504247,1.410735,0.3824953,0.84136033
18893,-0.870539,0.05015906,0.41942948,0.49721846,1.2949677,0.44969487,-0.2207173,-0.24668407,0.010096567,-0.59425145,-0.33656982,0.3134876,0.15681796,0.8339307,0.19117475,0.03907996
19177,-0.21276589,-0.35318148,-0.41977674,0.7053674,-0.1879885,0.64082795,-0.09850413,0.3600821,-1.0308764,-1.0278834,-0.63022673,1.1016891,0.3834872,0.6034864,-0.14806686,0.055364396
48177,0.2081369,-0.073576674,-0.3840697,0.6651585,0.06941598,0.54293436,-0.5211177,0.56130046,-1.0200406,-1.1197358,-0.5437391,1.2451574,0.17824452,1.0607082,-0.18066241,0.029303866
52417,-0.5602626,0.0030861935,0.41119224,0.8199497,0.9122479,0.99468935,-0.6458024,0.44270483,0.322751,-0.7338466,0.04788166,0.24131909,0.11667105,0.74131036,0.44222635,0.38222677
54398,-0.27743733,-0.39486256,-0.2939103,0.491225,0.4396075,0.7491869,-0.191055,0.35331813,-0.87657917,-1.0212083,-0.23394866,0.68048495,0.64153576,0.6664117,-0.39740184,-0.227295
54447,-0.3782043,-0.25259906,0.11025396,0.37684354,0.7953507,0.80640864,-0.10294798,0.083518416,-0.26312044,-0.67269963,-0.20131077,0.046951734,0.58814305,0.5604354,-0.63670087,-0.022033706
59537,-0.07285849,0.33955315,0.19742736,-0.56426275,0.39128825,0.9199625,-0.107817635,-0.7032096,-0.497864,-0.15281011,-0.23640954,0.42839918,0.39793554,0.28138918,-0.26451296,0.7387921
38444,0.3041371,0.20380199,0.5977909,-0.8199974,0.3184017,0.71888113,0.15720424,0.029608542,-0.32483473,-0.17617725,-0.7897429,-0.22933203,0.14145154,0.28405303,-0.045191307,0.70693904
38501,0.055263236,0.260982,-0.20811048,0.21823516,0.3569094,0.9260733,0.17412694,-0.14733356,0.1070356,0.09475472,-0.47482708,-0.15803137,0.35966992,0.49407935,-0.51809067,0.64275235
49110,-0.11039704,-0.06217074,-0.00013357183,0.5679917,0.32062274,0.142055,0.06881585,0.041363895,0.2608514,-0.28470266,-0.70719,0.08445742,0.2251396,-0.06443609,-1.2275579,0.96158165
61803,-0.013447307,0.16972256,-0.20973603,-0.8770004,0.8077947,0.10278225,0.09318848,-0.19229653,-0.4658182,-0.26372018,-1.0619378,-0.38762522,0.45953828,-0.122510314,-0.78094816,0.6121365
61050,0.08108527,-0.6664997,-0.29743496,0.49181217,-0.7589244,0.9779133,-0.25497723,0.21018685,-0.27795908,-1.5341798,-0.47852528,-0.46245372,-0.21500705,-0.18748443,0.42737854,0.79545456
38499,0.029812848,-0.26422623,-0.014815975,0.3470157,0.62353545,0.6449415,0.7691902,0.41471764,-0.17749362,-0.004512357,-0.13317016,-0.5279055,0.14203563,0.731815,-0.12440157,0.7403869
35763,-0.120295435,-0.9706595,-0.13290529,-0.2031969,0.17262787,0.2913361,-0.06889519,-0.060339753,-0.77131873,0.07829479,-0.17542827,0.19932061,-0.89791816,0.55107546,-0.2729535,0.7399473
38392,0.68417615,-0.6179894,0.15039568,-0.12658247,0.4232622,0.70037705,-0.027347535,0.54877716,0.14680459,0.1599518,-0.06300751,0.30716276,-0.07180416,0.37876907,-0.35003206,1.1287465
38393,0.04482663,-1.011253,0.4474101,-0.42884848,0.15968314,0.3092937,0.06426103,0.15130275,-0.011842008,-0.7520361,-0.4458578,-0.67319065,-0.42989275,0.40249288,0.018831294,0.6475004
38402,-0.118640296,-0.078703955,0.08199186,0.20250237,0.6949633,0.7406288,0.4562217,0.0037420534,0.25115672,-0.37172616,-0.5011035,0.3722456,0.2463978,0.44573155,-0.13084601,0.22202706
40124,-0.7425683,-0.69896567,-0.6057061,-0.6000483,0.8021618,0.30257952,0.067528516,-0.074211575,-0.3949434,0.19340967,0.04324779,0.27558735,-0.42200494,0.094971895,-0.34002772,0.7014504
46975,-0.08130225,-0.30744264,-0.38239202,-1.0606791,0.8839785,0.37501907,-0.2877293,-0.11797871,-0.20550877,-0.13118288,-0.3617292,0.13836958,-0.6869853,0.2726829,-0.094461076,0.31551808
6793,-0.020471951,-0.67403126,0.36960083,-0.12889507,0.1374505,0.55371827,-0.3323865,-0.033342548,0.33411384,-1.136719,-0.030085744,-0.51051545,-0.6078904,0.046466317,-0.7337311,0.61718214
49087,-0.19307089,-0.17120545,-0.19359158,-0.9029299,0.55727273,0.41042227,0.16824262,-0.563702,-0.09288842,-0.3070831,0.18742919,0.3333754,-0.33342832,0.41398957,-0.44460613,0.7902058
1228,-0.09575248,-0.5100769,-0.48258418,0.35510743,-0.40367532,0.27950075,0.3470334,0.36037624,-0.9511578,-0.98064923,-0.43984252,0.5693752,-0.15158764,0.8284567,-0.0785241,0.3552955
26164,-0.4364524,-0.023980072,-0.2806801,-0.26242083,0.5862796,-0.099660434,-0.04352198,0.5089685,-0.27049458,-0.862937,-1.1760756,-0.020557053,-0.1619104,-0.4886187,-0.5182814,0.38869485
61807,-0.76425165,-0.78412,-0.41540498,-0.5596904,0.96731436,0.0020680232,0.3905956,0.009026616,0.040035788,-0.01689491,-0.59776247,0.11505742,0.15034373,-0.29831305,-0.05135259,0.8141566
61863,-0.7465804,-0.31990144,-0.7095991,-0.3500729,0.35617435,-0.010059362,0.28058612,-0.34269357,-0.088300124,-0.68975776,-1.1045729,0.12000995,-0.110295795,-0.47261897,-1.1563181,0.37924424
38450,0.2393319,-0.46039593,0.34236345,0.37539867,0.118828006,0.464567,0.36921725,-0.8388665,-0.7127399,-0.4423074,-0.9441037,0.1375517,-0.3079491,0.16619097,-0.051732518,0.411045
38494,0.32034993,-0.041053724,-0.17675422,0.14891186,0.1506848,0.77892095,-0.20387954,-0.39955863,-0.7113781,-0.2996688,-1.2503084,-0.8611933,-0.25510943,0.5966264,0.78643,0.36189187
61784,-0.38182655,-0.009323137,-0.1848443,-0.7814479,0.10831934,0.91225624,-0.004017342,0.45709726,-0.29820243,-0.10193385,-0.33254603,1.0305256,0.7669824,0.54634434,-0.4945028,0.59848535
68929,0.08321142,-0.16228516,0.14257333,0.25052392,0.81370866,0.0062988517,-0.2517777,-0.33893242,0.49533892,-0.5784938,-0.17807785,-0.72905153,0.2259285,0.1626709,-1.324327,1.02004
2165,-0.07693085,-0.7876877,-0.48783898,0.25021458,-0.7726618,0.3346929,0.00014526158,-0.05545183,-0.24299185,-1.3820132,-0.45353907,-0.42827824,-0.18832202,0.55770546,0.3064394,0.84876686
61862,-0.27584523,-0.07091729,-0.7642581,-0.41301733,0.5349006,0.27789983,-0.091767594,-0.43860978,0.45035824,-0.6598225,-0.3081434,0.49865127,0.16647553,0.028868198,-0.57069033,0.7634849
52128,-0.55078644,-0.29713354,-1.3266376,-0.22975664,0.51699096,0.4045701,-0.2790447,0.32028663,-0.71125907,0.0013899637,0.2736498,-0.0997665,0.0076243053,-0.386438,-0.7288493,1.1258011
61853,-0.3683941,-0.08135519,-0.50012773,-0.9944493,0.6783504,0.32487258,-0.050648585,-0.6364691,0.24157445,-0.527975,0.18778004,0.5619776,-0.18314911,0.37918788,-0.61901283,0.87643355
24559,-1.2512252,0.21952799,-0.011331209,-0.50417054,0.849116,0.09047455,0.28925583,-0.52229,0.3962771,0.04290876,-0.9451466,-0.7636768,0.15633036,-0.3079759,-0.43992987,1.2519773
17849,-0.36473688,-0.037632883,-0.51522857,-0.17081475,0.51310897,0.27703136,-0.24603379,-0.7240028,0.15306489,-0.4759945,-0.015258275,-0.012487073,-0.097320296,0.08252615,-1.5279629,0.8447134
40935,-0.4460281,-0.62313247,0.17461963,-0.3747598,0.64556956,-0.094744556,0.51572156,-0.12471706,0.053606745,-0.40218827,-0.53261423,0.034511093,0.3308324,0.08684658,-0.31960073,0.85667634
61824,-0.697105,-0.15612893,-0.62465596,-0.20895308,0.6155211,-0.11395832,0.31942528,0.07618198,-0.08663166,-0.833856,-1.1563938,0.02710737,0.120569184,-0.500561,-0.8373195,0.36100206
49097,-0.84512013,-0.23174964,-0.6529365,-0.099835694,0.18054374,0.38333514,0.5926965,-0.62103957,-0.3492843,-0.24815169,-0.64034283,0.48872197,0.8386119,0.080654465,0.006195431,0.8129009
61813,-0.6671949,0.33698416,-0.026037706,-0.85150325,0.63922095,0.24975686,-0.16249977,-0.3431616,0.20392399,0.017803729,-1.3405602,-0.32802978,0.3432331,-0.41083896,-0.5720839,1.0885926
10605,-0.2635274,0.3495058,0.24216196,-1.0254128,0.27307832,0.4940427,0.25908837,0.025543107,-0.39620036,-0.39827004,-0.6550827,-0.26039326,0.028647944,0.20286357,-0.73362553,0.6333336
60788,-1.0876633,-0.28301015,-0.14138229,0.013291254,0.65809536,0.45930883,0.43945727,-0.54832697,0.16129665,-0.19892457,0.0038173224,0.026541209,0.092003174,0.28555268,-0.4690243,0.61509734
6449,0.26353437,0.13288009,0.01529051,-0.32878688,0.4206453,0.38197458,0.6200266,0.19476286,0.17533009,-0.3018496,-0.88628817,1.1099286,0.36679265,0.42192852,-0.5560649,0.519929
61808,-0.2608395,0.18776003,-0.43507043,-0.05788636,0.6366698,0.09287336,-0.37342444,-0.6443744,0.1248846,-0.4633498,-0.09069524,-0.23826528,0.019499334,0.14551292,-1.8137597,1.0208689
30891,-0.28563988,0.08596452,0.06850121,-0.33802253,0.5634016,0.9611013,0.13482828,-0.51706064,-0.36542895,-0.30490044,0.11302949,0.21350878,-0.16212162,0.45939183,-0.31162664,0.28412727
61841,-0.46680832,0.070209466,-0.8578204,-0.46048325,0.14462991,0.057645798,0.49886447,-0.084431976,0.5301995,-0.9746843,-0.15990348,0.034125436,-0.2587187,0.9392618,-0.36744884,0.705216
55359,-0.34674484,-0.24431585,-0.62675256,-0.8540744,0.09347382,0.42109808,0.09139685,-0.18311234,0.13374777,-0.38955835,-0.014025594,0.5739213,-0.64946526,0.74941534,0.05879016,0.7561779
18979,0.02833765,-0.1095037,-0.81797266,0.48881775,0.51940626,0.29105,0.97872424,-0.41622493,0.24646679,-0.6381764,-0.42210495,0.64000714,0.49473315,0.111505754,-0.88252985,0.59585196
40658,-0.8441098,-0.62547463,-0.7263829,-0.6954776,0.32567763,0.13710424,0.5583811,-0.67661476,-0.39970472,-0.15915076,-0.5720779,0.3875941,-0.1174014,-0.008271756,-0.31344014,0.6952505
42451,-0.6954734,-0.17289302,-0.30279556,-0.84544975,0.41583872,0.08250037,0.6583494,-0.35801867,0.13589713,-0.5556366,-0.83376056,0.11757186,0.03318603,-0.3016449,-0.69809204,0.80645865
61829,0.1726894,0.33688504,-0.15390998,-0.08516946,0.6196139,0.69858074,-0.66457415,-0.56926274,0.7887449,-0.56336963,-0.21632318,-0.26641932,0.7193513,1.380735,-0.42463106,0.5832344
16977,-0.21341996,-1.0853233,-0.60283315,-1.038567,0.7131675,-0.0728731,0.22658895,-0.7540986,-0.62105435,-0.2733425,-0.2969041,0.29792947,-0.041810825,0.33054438,-0.36004722,0.6478611
14840,-0.40373284,-0.13212307,-0.43173894,-0.19122683,0.9006275,0.5425658,-0.17442998,-0.27081624,-0.14423317,-0.67379606,-0.016159646,0.35664713,0.5211006,0.5436452,-0.43582574,0.16189522
61797,-0.37304595,-0.08157975,-0.5201959,-0.49143493,0.44660237,0.18251173,-0.10037103,-0.45943773,0.39900678,-0.74824315,-0.55209845,0.51012635,0.19801277,0.07054519,-0.5157369,0.70266366
6855,-0.18020299,0.11036976,-0.5660515,-0.883001,0.5794754,0.5050604,-0.10582083,-1.139283,0.025074292,-0.5943263,-0.19125937,0.12512097,-0.885746,0.16763401,0.35057044,0.732406
40664,-0.262263,-0.90683913,-0.18224214,-0.6004106,0.32046562,0.35045427,-0.15895332,0.14957236,-0.011414933,-0.07160403,-0.4762293,0.14888199,-0.5260036,0.7363677,-0.19681184,0.4632336
18451,-0.43109998,-0.2672767,-0.65439606,-0.5049708,0.3735519,0.24369414,-0.14040492,-0.4810852,0.4366357,-0.82472754,-0.34076685,0.516199,0.21126853,-0.0012364967,-0.517101,0.8007344
61786,-0.22573762,0.15078095,-0.5948901,-0.44933486,0.33992353,0.10165639,-0.064588144,0.12500541,0.08151339,-0.6639652,-0.9599613,0.52566326,0.11309762,-0.282045,-0.9102011,0.72023267
61818,-0.65176535,0.098605484,0.2401022,-0.2956848,0.84040433,-0.33964545,-0.16503452,0.31819046,-0.36182785,-0.9825861,-1.1113005,0.95342195,-0.42434466,-0.32245296,-0.6331093,0.4129931
61838,-0.07797919,-0.8650595,0.044991214,-1.3445287,0.4865335,0.1157638,0.21231592,-0.22774735,-0.46953276,-0.531437,-0.40532908,0.0988238,-0.09177696,0.30649826,-0.08240127,0.6747135
61835,-0.18717529,-0.15058883,-0.8122564,-0.4164853,0.4936213,0.36168286,0.5435161,0.0422448,0.5544548,-0.6569558,0.13287607,0.38571203,-0.3389817,0.8303194,0.11628371,0.64438534
22904,-0.15634951,0.045873273,-0.48875296,-0.16647753,0.35711488,0.36588216,0.113139,-0.019190792,0.047147658,-0.7370557,-0.9785947,0.5344529,0.31488502,-0.42566255,-0.6103497,0.4995837
40437,-0.34848258,-0.1871274,-0.49597502,-0.59201115,-0.06103227,0.29983196,0.28338212,0.26230553,0.33146062,-0.35895604,0.0005020354,0.25876707,-0.65431607,0.6473189,0.1253869,1.1774085
24547,-0.19899863,-0.23177029,-0.68733424,-0.5145952,0.5236581,0.17657442,-0.19246759,-0.35000554,0.43748525,-0.7332044,-0.44740343,0.40713638,0.1177608,-0.05842959,-0.5164729,0.7530372
61805,0.16402133,-0.08856577,-0.7470625,0.63276464,0.5607873,0.12895668,1.1493155,-0.44653308,0.27833214,-0.4651734,-0.5753591,0.8346875,0.6910343,0.33787033,-1.0793995,0.7256326
49991,0.714798,-0.21459441,-0.20758466,-0.014123924,0.7502893,0.26561847,-0.011223405,-0.9647091,-0.35308114,-0.46276346,-0.8364028,0.09830376,0.22555952,-0.27721047,-0.01751145,0.70130754
40702,-0.06491968,-0.2068323,0.04188308,-0.14004464,0.31383443,0.058367252,-0.14106937,-0.36014664,0.34230155,-0.63668716,-0.3149276,-0.28297284,-0.08632663,0.034613784,-1.4752462,1.1358075
61839,0.1516167,-0.009344377,-0.5212878,0.28860864,0.50332165,0.09819963,0.806805,-0.2711028,0.36758265,-0.47782278,-0.7230686,1.1155192,0.70345676,0.38619542,-1.1182595,0.6714333
24516,-0.4668171,-0.23913485,0.07834764,0.06132443,-0.13873784,0.22209783,-0.2525139,-0.5091751,0.12040087,-0.83059543,-0.7066061,0.021381943,-0.65718,0.13856131,-1.1746649,0.5695478
7040,-0.3659816,0.21253695,0.4248588,0.047185063,0.12616128,0.46580127,0.0061097755,-0.40079823,0.276779,-0.9017116,-0.63772017,-0.41681796,-0.32991368,0.14394614,-0.9184979,0.4893944
43996,-0.1432872,0.3385099,-0.11892208,-0.43516648,-0.39648175,1.1174954,-0.50166184,0.010485455,-0.06998703,0.10936139,-0.93917245,0.49386987,0.050942816,0.22129202,-0.4278165,0.9178168
60629,-0.19765736,0.30978635,-1.0067123,-0.2866421,0.36039007,0.15065332,0.40560475,0.10425069,0.8049626,-0.76699877,-0.2965123,0.41681454,-0.26893142,0.7271552,-0.10369507,0.79697114
40652,-0.12229374,-0.8012305,-0.14404386,-1.153404,0.6077334,-0.0029407667,0.50830084,-0.47055143,-0.38352674,-0.29798108,-0.53347915,0.18363312,0.08023809,0.25164303,-0.14430279,0.72212535
61809,-0.2820573,-0.8100636,-0.1335375,-1.4261127,0.5461385,-0.103259675,0.30174837,-0.3986747,-0.22368197,-0.50087273,-0.49652898,0.38345456,-0.18119825,0.3136632,-0.31575966,0.8433038
61850,-0.44134277,-0.29379848,-0.43467292,-1.157265,0.5808586,-0.049546473,0.2706272,-0.2447078,-0.039812278,-0.32108626,-0.488531,0.35219827,-0.37718022,0.08313652,-0.4971858,0.87210184
60755,-1.2814813,-0.035635144,-0.26154917,-0.5668132,0.6529535,0.20965436,0.7238826,-0.6732089,0.4775587,-0.2371717,-0.48596594,-0.3353189,0.12632759,-0.22557698,-0.21159141,1.1588255
61822,-0.23798181,0.27373096,-0.800861,-0.5970913,0.4648802,-0.061866175,0.4086996,0.5865361,0.6638167,-1.2380768,-0.4496476,0.029097661,0.005746401,0.6513254,-0.6610366,0.49460736
60759,-1.1359485,-0.24796206,-0.17029314,-0.57582253,1.0021813,-0.13189271,0.45494387,-0.2954405,0.47804686,-0.20021053,-0.73256457,-0.4644466,0.4649371,-0.28190535,-0.26238278,1.2306107
29706,-0.49772963,-0.17305154,-0.5739802,-0.42636624,0.51553774,0.20332171,0.056250695,-0.4181509,0.57345873,-0.8278241,-0.2936311,0.4593097,0.24091798,0.12959138,-0.5598461,0.6607014
45656,-1.2849118,-0.6353444,-0.8990167,-0.46731776,0.22357829,0.4721875,0.17401531,-0.7645865,-0.23275512,-0.103984974,-0.613878,0.32855716,-0.538609,0.35905647,-0.35768694,0.2737886
38500,0.23243874,-0.46378756,-0.3191447,-1.0482537,0.7240672,-0.039605558,0.22282742,-0.45269024,-0.73723793,-0.28379864,-0.674152,-0.25371492,0.29525477,0.4798452,-0.47820207,0.56913185
42452,0.6124599,0.15861566,-0.399403,-0.1394251,0.7842353,-0.021099906,0.1866248,-0.74009573,-0.5984034,-0.7337307,-0.36707976,-0.4802211,0.4509518,-0.3416019,-0.64267606,1.186375
61796,-0.878486,-0.06848579,-0.74245137,-0.37879333,0.28526908,0.1036659,0.4497373,-0.29399523,-0.22281782,-0.36757585,-0.86254585,0.21544532,0.8854886,-0.11102592,-0.018421976,1.0267092
24562,-0.3379027,-0.17828059,-0.63257474,-0.33055085,0.5446154,0.2427684,-0.14942151,-0.4587358,0.38155633,-0.788112,-0.28135705,0.36336258,0.21496028,0.04313466,-0.4881543,0.6979672
19943,0.06204754,0.11498978,-0.21596108,0.020685274,0.681307,0.24538338,-0.5813408,-0.6922233,0.8220235,-0.68537396,-0.26763064,-0.41232374,0.59985316,0.9148287,-1.0100542,0.81177586
53108,0.15666218,0.012445068,-0.6790035,0.13575599,0.5633263,0.25499627,-0.2823077,-0.2852935,0.51414186,-0.73852855,-0.6097252,0.96883607,-0.5501602,0.599804,-0.77999413,0.17921016
61827,-0.14334793,-0.1126793,0.048297398,-0.3218456,0.3612926,1.134511,-0.07729764,-0.9829895,-0.2597397,-0.8550938,0.25808212,0.1528496,0.4054192,0.6819858,-0.3939673,0.2511005
59528,0.20631826,0.15698768,-0.021565989,-0.6037805,0.79954135,0.2937111,-0.19264273,0.044590335,-0.15528253,-0.265496,-1.4457016,0.016739113,0.18859747,0.26021004,0.3016279,0.24521452
61858,-0.19083627,-0.039513994,0.07783398,-0.5338427,1.0059917,-0.16587134,-0.033134233,-0.45413643,0.05608993,-0.19806258,-1.057973,-0.13536921,0.034796458,-0.23737974,-0.80981904,0.77036214
61832,-0.40503606,-0.43500453,-0.30017748,0.4880302,0.45416856,0.35381877,-0.063873686,-0.45586705,0.3836791,-0.36216497,-0.16508088,-0.43052888,-0.07828482,0.21490903,-1.5051945,0.702302
38549,-0.15933636,-0.5211699,0.022406727,0.030902207,0.35385293,0.4643935,-0.13811167,0.6755453,-0.27165908,0.0979892,-0.75808793,-0.31708625,-0.3108157,0.57760996,-0.38829905,0.31714705
47606,0.02153128,-0.97655493,0.24415803,-0.7480763,0.4201604,-0.050967265,0.2764606,-0.3457124,-0.4165784,-0.283518,-0.61821634,0.13296147,-0.17794037,0.73313695,-0.14711633,0.6125703
61795,-0.043615006,-0.017372238,-0.8120036,-0.19787745,0.48894015,0.32451364,0.24030058,-1.4010687,-0.2582442,-0.6086877,-0.47852647,0.5224194,0.49876505,-0.21534002,-0.19406222,0.96938944
61804,-0.7328867,-0.32476547,-0.59834415,-0.25068268,0.32865638,-0.08045911,-0.025397485,-0.45178598,0.23696385,-0.91218126,-0.8697047,0.06261517,-0.190508,-0.29434225,-1.4884751,0.52311355
48524,-0.6104254,-0.46321228,-1.6095126,-0.23335294,0.03863355,0.15003751,-0.41975006,0.24370769,-0.67710894,-0.69455487,-0.15664521,-0.3360957,0.050391737,-0.41611522,-0.44332355,1.17828
57001,-0.1148972,0.36584473,-1.0781337,-0.6047087,0.57536477,0.37389353,-0.38293198,-1.5012058,-0.25826594,-0.69007903,-0.5083826,0.32463416,-0.38613293,0.073565476,0.6236408,0.96627647
61821,-0.40147302,-0.11648386,-0.7071928,-0.4491286,0.5689377,0.2930168,-0.23465365,-0.45713562,0.42197785,-0.58507836,-0.35527602,0.526309,0.122664265,0.07772044,-0.50775963,0.7052619
61810,-0.24575526,-0.25388622,0.50304604,-0.045980405,0.39636496,0.37112778,-0.32268244,0.08086898,0.5338068,-1.3140547,0.0751577,-0.4808831,-0.20426768,0.044373926,-1.4634258,0.7199525
26074,-0.018027088,-0.095055446,-0.2674234,0.32550594,0.7406458,0.090192445,-0.030110309,-0.405599,0.5224449,-0.7765627,-0.23123606,-0.24123791,0.23423594,0.14224368,-1.252667,0.832219
49101,-0.28880376,-0.5676717,0.24249485,-0.6465767,0.92135125,-0.1817401,0.3045283,0.17443106,-0.26464432,-0.2988444,-0.80511475,0.006514563,0.12556541,0.30660528,-0.31552854,0.5003494
49106,-0.62284976,-0.020125415,-0.40450504,-0.60218,0.56157786,-0.09772927,0.35294434,0.31859508,-0.16003236,-0.41901824,-1.0026429,-0.447495,0.37899375,-0.14724734,-0.16117029,0.8203189
55892,-0.22529083,0.25788602,-0.60161877,-0.57335114,0.5181253,-0.032610133,0.4204362,0.8673928,0.69893146,-1.3024422,-0.42846057,-0.21231471,-0.112751134,0.5533095,-0.42345017,0.46002582
59451,-0.11904419,0.1900742,0.06047614,-0.4939988,0.8391491,0.08095688,0.092104815,0.2552517,0.11287951,-0.5408207,-0.82842225,-0.2958971,0.0831198,0.22143367,-0.7914242,0.36613825
61263,-0.12899587,-0.14434683,-0.43978566,-0.4104809,0.7066204,0.3392462,-0.0017527502,-0.4403079,0.08096148,-0.36562985,-0.45210633,-0.037830878,0.015509258,0.22860116,-0.5043351,0.5417473
61788,-0.25621477,-0.1346653,-0.70847344,-0.4852059,0.5449659,0.19478734,-0.055257414,-0.3475012,0.46197546,-0.73722243,-0.3106458,0.4639594,0.2624624,-0.12204567,-0.50145894,0.92298347
61816,-0.23541716,0.57073504,-0.8519402,-0.2330487,0.5921626,0.4102428,-0.37062454,-0.47363073,-0.3467682,-0.36979198,-0.078312635,-0.0728287,0.10369807,-0.10607631,-1.1259037,0.9053085
61819,-0.22169128,-0.764371,-0.15394847,-0.29744303,0.41295823,0.73034096,-0.7336505,-0.48198447,0.8779841,-1.1066458,-0.3766409,0.44040227,0.14174546,-0.7501076,-0.071705215,0.8957623
61831,-0.7563496,-0.62901133,0.15538818,-0.2182746,0.84371924,-0.07840583,0.1373825,-0.26710126,0.5026282,-0.1931135,-0.42238936,-0.42315575,0.8653449,0.041439697,-0.60368544,1.3179111
61848,0.18821459,0.5208634,-0.105596066,-0.5905253,0.8073553,0.5192509,0.77766395,0.088536516,-0.16388106,-0.5902315,-0.77830756,0.39698064,-0.3789777,0.09053241,-0.30532217,0.13466124
61851,0.20899032,-0.58464974,-0.8624465,-0.67287993,0.854174,0.32140574,-0.2969623,-0.5412949,-1.0257274,-0.044204943,-0.09102382,0.05376725,-0.59079915,0.34005076,-0.5261188,0.38312894
6752,0.27188206,0.31780273,-0.86159647,-0.34641993,0.7084552,0.33375564,-0.9825443,-0.3060022,-0.59910345,-0.2736119,-1.2631544,-0.21772724,-0.27237588,0.4503858,0.61465317,0.76267564
55487,0.44532645,0.03030251,-0.8195636,-0.6095334,0.9674057,0.20165929,-0.20611157,-0.59558636,-1.0590751,-0.24045253,-0.43407094,-0.33725235,0.26202992,0.18093887,-0.59198755,0.54928577
61299,-0.5662464,-0.073078,0.6580713,-0.112946115,1.2954788,-0.17549248,0.1590766,-0.30357987,-0.34717363,-0.568279,-0.5451931,0.7934357,0.057448253,0.20787936,-0.3096076,0.43624687
19768,0.40388656,-0.5185927,-0.49254903,0.49723026,0.80290884,0.051671304,-0.4076586,0.381116,-0.17190517,0.33731163,-0.9667634,-0.1969774,-0.50208056,0.69946104,-0.030667262,0.6527693
38436,0.23743142,-0.7035727,0.07153315,0.09759083,-0.061093844,0.46164975,0.5483924,-0.14565709,-1.2592311,-0.002525901,-0.49530405,-0.5698717,-0.1898413,0.6928371,-0.3598101,0.8300871
2204,-0.29235357,-0.02452526,-0.6256672,-0.27126923,0.06625656,0.12448974,0.56691325,0.25268096,0.43256122,-0.8955137,-0.0804071,-0.024312405,-0.68661475,1.0073248,-0.0726845,0.71070915
40449,-0.3538603,-0.19894762,-0.017801195,-0.15237868,-0.2787988,0.6498733,0.329149,-0.6319198,-0.09145128,-0.7987517,-0.51846415,-0.557169,-0.7167463,0.5087734,0.193279,0.6033664
38512,0.6709681,-0.069596924,-0.17107095,-0.14018518,0.761901,0.23524751,0.45909426,-0.624183,-0.64248836,-0.43730044,-0.20794183,-0.94246995,0.088277146,-0.036709443,-0.40745574,1.0876237
38487,0.109302014,-0.0028943256,0.04607201,0.1383379,0.28771633,0.5681481,0.3763676,-0.3056199,-0.3322844,-0.1840591,-0.4678078,-0.53687835,-0.31058955,0.81400394,-0.13133004,0.59940296
38495,0.2288176,-0.2218892,-0.020906758,0.016665878,-0.021280304,0.66087914,0.14484456,-0.4502149,-0.8249055,-0.0015431369,-0.9762885,-0.5482107,-0.24938692,0.76665664,0.3910064,0.64523715
60178,-1.0238075,0.09525974,1.0059711,0.3420617,0.7613289,0.99544775,-1.0750805,0.24092846,0.18474895,-0.50822365,-0.12693083,0.22660613,-0.26628217,0.8178187,0.13097799,0.7334331
1231,-0.10476325,-0.54192686,-0.1222443,-0.12867469,-0.47366843,0.2959706,0.30887082,0.14246738,-0.23052555,-0.5162314,-0.534503,0.05050266,-0.41871703,0.9547596,-0.12903696,0.7698219
1459,-0.46027428,0.21042039,0.3887529,0.28748637,-0.2136135,0.7448672,0.37654394,-0.542935,-0.09132319,-0.65177226,-0.7382177,-0.25676376,-0.54038167,0.8307863,-0.2356831,0.2818987
756,0.20819242,-0.56415915,-0.21044199,0.41999117,-0.16023833,0.2992206,0.60211384,0.195927,-1.3206334,-0.27205014,-0.46291846,-0.7137884,-0.3057464,0.7136035,-0.3980638,0.83252484
1719,0.60938853,-0.42499572,-0.31852698,0.24543573,0.45901808,0.6821441,0.40527585,-0.31711707,-0.6719768,-0.42532843,-0.0032654037,-0.23364891,0.35683724,0.88455707,-0.4102399,0.40512997
130458,-0.5669986,-0.03373184,0.24915288,-0.04368781,0.77519375,0.9569421,-0.33939248,0.3594319,-0.6334601,-0.53185177,0.10305893,0.63779104,0.92945534,0.72760105,-0.7299262,0.11689543
13810,-0.13644329,-0.44676375,-0.15115488,0.022852939,-0.085297495,0.5141761,-0.0945502,0.09568155,0.076964885,-0.9702177,-0.038994797,-0.5308552,0.35477328,1.3010234,0.17698923,0.64548355
776,0.16501999,-0.843853,-0.25376937,0.3417701,-0.36311844,0.16675611,0.0066813733,0.29497224,-0.42745572,-0.3580444,-0.8348129,-0.31329376,-0.48883453,0.7431437,-0.16664639,0.82251006
10870,-0.2440216,0.02184063,-0.06080865,0.31421542,0.21178786,1.0741205,-0.34051648,1.2259566,-0.56726265,0.18662454,-0.24990302,-0.34272924,-0.14388749,0.5906732,-1.2352544,0.39684692
136031,-0.116028346,-0.1872215,0.15123455,0.33371088,1.0345834,0.64683414,-0.4228893,0.79524744,-0.6679886,-1.1141243,-0.054613348,-0.04860452,0.6786457,0.48265266,-1.1160237,-0.076417916
42478,-0.018045349,-0.8326745,0.024816025,-0.95956254,0.20759124,0.68510056,-0.2981933,0.850144,-0.7126123,-0.73068255,0.07508068,0.38732025,0.43410844,0.778719,-0.48824185,0.3695376
40944,-0.2574971,-0.07891366,-0.5936002,-0.00012950975,0.32508215,0.37757635,0.45166668,0.8159447,-0.2336312,-1.1414766,-0.37266117,-0.09561931,-0.042714562,0.31818116,-0.53703976,0.057273764
43534,-0.2673926,-0.27973044,0.4217636,-0.08774881,0.60875106,0.43886024,-0.2928454,0.83504814,0.3082736,-1.7127683,0.29648876,-0.34714827,0.10413509,0.39492282,-1.3776426,0.3309568
18657,0.22171408,-0.47536528,-0.029150736,0.384843,-0.61463577,0.7585861,0.21708213,-0.27192843,0.080776736,-1.1012273,-0.26416,0.18874909,-0.41021666,0.74345976,0.0733982,0.68889856
15600,1.1134086,0.1305183,-0.16174726,0.157679,0.89324254,-0.02154497,-0.1555019,-0.81953067,-0.5927264,-1.1532078,-0.4011115,-0.2382399,0.41638082,-0.49120462,-0.34940612,1.4881715
4727,0.1732644,-0.08055101,-0.6664636,0.8716358,0.51618296,0.17139426,1.1710654,-0.41324243,0.07290875,-0.19062077,-0.5974777,0.44400463,0.5951362,0.55080616,-0.9910747,0.69380957
16243,0.07801755,-0.54597306,-0.8443858,-0.58451974,0.90528625,0.26555634,0.17950973,0.10073331,-0.3454782,0.0760749,0.23866571,0.0055611753,-0.5548439,0.45869356,-0.12698089,0.7741572
1,-0.019616539,-0.38864246,-0.2251864,0.38928655,-0.5029814,0.3266195,0.6535873,0.27740273,-1.0609046,-0.4674636,-0.6447478,-0.19467923,-0.24183357,0.8684657,-0.1895153,0.75392157
661,0.28692266,-1.034173,0.09046815,0.021795524,-0.1859634,0.46046612,0.45937034,0.0033360126,-1.016588,-0.16991264,-0.48187473,-0.35708192,-0.19626702,0.79077387,-0.29125696,0.79510325
897,0.003148664,0.10289315,-0.10013735,0.6884296,-0.14008619,0.22715168,0.9005029,0.3698806,-1.4209006,-0.23259093,-0.529734,-0.8375186,-0.10830161,1.0810534,-0.38525957,1.1227039
1295,-0.07640791,-0.4242144,-0.2177589,0.17606573,-0.5601288,0.2569067,0.51355666,-0.078759015,-0.15468317,-0.56786996,-0.17381759,0.012596658,-0.6279485,0.959607,-0.17210013,1.0862167
3683,0.09641681,-0.3147025,-0.04732386,0.9730972,-0.10178254,0.4929007,0.7150813,-0.591705,0.03544255,-0.112775564,0.13134082,0.09285118,-0.39006126,1.086483,-0.4131797,1.2308422
4427,-0.03276154,-0.17449296,-0.44571447,0.2989917,0.115717106,0.08847503,0.81774974,0.29601562,-0.1303001,-0.77288455,-0.7648812,-0.7046106,-0.6843003,1.1990459,-0.06329838,0.34900907
4589,-0.3255549,0.1960607,0.4626069,0.4161148,0.08083099,0.5667932,0.52094704,-0.57521284,-0.30882603,-0.453029,-0.8486882,-0.34210125,-0.90834624,0.8693582,-0.063513,0.33613694
4770,0.09634593,-0.05040501,-0.05342313,0.421448,0.5422107,0.25700054,0.75394344,0.12528288,-0.43035752,0.26532853,-0.52778226,-0.3247531,-0.07974348,1.096363,-0.16401574,0.77898693
5406,0.18762016,-0.028777575,-0.17114887,0.4522314,0.48288557,0.41698223,0.7953587,0.016077485,-0.4992568,0.25052518,-0.47574064,-0.45343038,-0.052918587,0.8999021,-0.13297126,0.9283915
6771,-1.0427574,0.16248254,0.24785894,-0.3778027,0.5816217,0.36487767,0.1299805,-0.14108114,-0.020401333,0.06973124,-0.923913,-1.0921962,-0.2340387,-0.16997738,-0.12423355,0.9677187
6937,-0.027768187,-0.20738277,0.3710903,0.31290475,0.021987287,0.51451594,-0.15143436,-0.11047209,-0.39640516,-0.15318377,-0.55218226,-0.15864545,-1.254361,0.25461775,-0.3920742,0.8005116
10509,0.070976466,0.054090496,-0.03436013,0.55027205,0.5032691,0.33097002,0.9641706,0.083754934,-0.40940818,0.2138329,-0.50237983,-0.4389522,-0.006601665,1.0082735,-0.22173578,0.95043796
15752,0.14459096,0.0880383,-0.118998334,0.7972315,0.023049612,0.21855848,0.91847456,0.4174963,-1.5811112,-0.17028166,-0.4884931,-0.96471274,-0.12070878,1.1918223,-0.40455097,1.1556644
17267,0.20967366,-0.061758056,-0.03402576,0.54150647,0.54184204,0.2823546,0.782118,0.18355538,-0.4513325,0.13523008,-0.48864025,-0.47692823,-0.11723853,1.0820422,-0.13788462,0.80646455
17500,0.5897468,0.23887746,0.2798765,0.8062902,0.28984824,0.6244681,0.6479253,-0.8180551,0.23657519,-0.06581581,-0.028128156,0.25249746,-0.4282121,1.3845632,-0.05742881,1.191688
19356,0.33391246,-0.9189664,-0.22116475,0.39155298,0.35542682,-0.037971437,-0.24334931,0.43576235,-0.05241559,0.2817889,-1.1438333,0.23125389,-0.50269854,0.58791405,-0.21284907,0.76140153
19548,-0.14462884,-0.0032153737,-0.14386453,0.7206693,0.29908124,-0.10343413,0.09143062,0.43873292,0.18676953,0.054742206,-1.3574404,0.11024317,0.04158829,0.31694183,-1.0045962,0.8826937
23857,-0.02875159,0.1583672,0.17822163,0.4949809,0.7728954,0.604746,0.579612,-0.4033394,-0.40159377,-0.10808952,-0.46378693,-0.17476654,-1.2595794,0.54552436,-0.025180478,0.27652913
24509,-0.48882544,0.30051765,-0.43792793,-0.5020206,0.048557106,0.21655619,0.71990687,0.49748808,-0.45144305,-0.19765346,-1.0503298,-0.31100714,-0.027496805,0.2274398,-0.16863498,0.8329557
27813,0.12565064,-0.05798375,-0.015001786,0.44458848,0.5375125,0.31836188,0.78521717,0.04120159,-0.24740358,0.23258266,-0.47362456,-0.43522143,-0.10028381,1.1326138,-0.20590064,0.8415371
28339,-0.06999132,-0.4961659,0.33211994,0.74901855,0.48975423,0.2997614,0.1571697,0.4286988,0.10869071,0.46041745,-1.1013309,0.077494964,-0.24103342,0.7919873,-0.0026217957,0.73955846
28507,-0.17248462,-0.24556014,0.021935778,0.3096984,0.342775,0.81785166,-0.1754393,1.2584172,-0.62344575,0.38738456,-0.5783488,-0.55153185,-0.23176703,0.8599325,-1.0492947,0.31924874
38366,0.22110555,-0.33073828,-0.27867663,0.1069721,0.72089654,0.18526527,0.3592166,0.28408733,0.06156826,0.35031024,-0.90948147,-0.13163874,-0.22842187,0.89208287,0.032443576,0.64251846
38378,0.37458998,0.16606112,0.15640122,0.4599635,0.728821,0.4228567,0.9665524,-0.35855952,-0.13875492,0.42824572,-0.24899793,-0.26990482,-0.41732985,0.44647953,0.10047948,1.4061826
38394,0.13625771,-0.07455553,-0.14170322,0.41066387,0.63115895,0.22311975,0.8409295,-0.0399694,-0.27512938,0.10583986,-0.4992002,-0.41562057,-0.015582167,1.0017767,-0.17273735,0.7705254
38408,-0.035760198,-0.21220656,-0.6192504,0.74863505,0.11560537,0.6406485,0.86553985,0.17603984,-0.09593528,-0.12268693,-0.36321628,-0.4650822,0.24796934,0.7519756,0.33244902,0.89876413
38423,0.09173204,-0.65179795,-0.26314506,1.2387741,0.68767655,0.10506529,-0.010678997,-0.17031467,0.24276723,0.22230248,-0.643047,-0.4241312,-0.11078407,0.83368987,-0.72522813,0.74012256
38430,0.07748107,-0.03300518,-0.12071051,-0.26924098,-0.5790665,0.2298662,0.6826495,0.26241666,-0.23797067,-0.4578505,-0.559843,-0.05936737,-0.471379,0.9662017,-0.5281775,1.1317807
38433,0.1128452,0.013809491,-0.04899399,0.33163813,0.49156618,0.2165576,0.8434765,0.13257173,-0.45408127,0.26531023,-0.5580311,-0.45725974,-0.11166729,1.0733265,-0.38784418,0.8589013
38445,-0.016940027,-0.021465302,0.046320785,0.40191558,0.49468356,0.38244215,0.86179227,0.14479554,-0.27000418,0.13861224,-0.27905244,-0.4397972,-0.088809595,1.1220871,-0.20923449,0.85813993
38452,-0.00989837,0.17178789,-0.09107332,0.79960984,0.14896888,0.2172046,1.0364014,0.39489648,-1.50916,-0.11550839,-0.55745655,-1.0356421,-0.03918907,1.135753,-0.38436553,1.1384925
38455,-0.3583309,-0.19314153,-0.8013345,0.46004692,0.40883523,0.5741869,-0.036934156,0.28303763,0.13462013,0.045382954,-0.2992013,0.65078455,-0.6716696,0.3406589,-0.5098978,0.4052826
38463,-0.20731765,-0.83548206,-0.47493368,-0.4338423,-0.0893808,0.41464335,0.011398558,-0.08068553,-0.587957,0.090997346,-0.23522288,0.18804811,-0.47419456,0.54855996,-0.42355865,0.79921067
38464,0.15654273,-0.81133556,0.32692963,0.12529999,0.9802396,-0.12299836,0.078965545,-0.08986557,0.098090984,0.3853517,-0.86340624,-0.45749697,0.073373795,0.92274266,-0.32171693,0.9040125
38473,0.05750348,-0.036922656,-0.031436138,0.38459942,0.5166849,0.30528176,0.73302305,0.1533786,-0.5067966,0.15966094,-0.51035297,-0.4963984,-0.08335908,1.0207157,-0.16845027,0.8158619
38484,-0.028025597,-0.51768357,0.15903196,0.14416064,-0.030672578,0.42002565,0.51365596,-0.1711549,-1.0731465,0.42319456,-0.5548792,-0.07727641,-0.013950265,0.91835517,-0.041645598,1.1602293
38485,0.13379447,0.09297021,-0.1571094,0.7542773,0.105393656,0.1625375,1.0348289,0.37605163,-1.4646333,-0.13830164,-0.60383636,-0.96083814,-0.04830352,1.0878794,-0.44264367,1.169497
38491,0.07771413,0.026847813,-0.13310638,0.39956853,0.59750533,0.35951832,0.86012447,0.1549301,-0.38305604,0.24379554,-0.38680968,-0.47570837,-0.20734847,1.0412523,-0.10248831,0.80567074
38496,-0.09258301,-0.95927095,-0.36012003,0.22696343,0.052526,0.0142327305,0.69188946,0.6260623,0.05828563,0.028247677,-0.75866544,-0.18277554,0.1343248,0.5829079,0.037221406,1.1784302
38502,-0.08404423,-0.28913888,-0.4204688,0.20875092,0.07355447,0.076743215,0.5848366,0.30925155,-0.4749417,-0.15729836,-0.58628035,-0.40616953,-0.13829511,0.81003374,-0.17775357,0.9362459
38513,0.123865284,-0.10965019,-0.04148953,0.37877446,0.45762306,0.31185743,0.82929075,0.04554088,-0.3474829,0.23415892,-0.54799485,-0.44388187,-0.041261774,0.9860245,-0.14572556,0.88573647
38528,0.11832948,0.05616781,-0.14214508,0.4680818,0.465085,0.29373208,0.7504354,0.11851076,-0.4041666,0.20871979,-0.5349632,-0.47854742,0.00876876,1.1196858,-0.2207304,0.8753581
38530,0.08493865,-0.12651713,0.09197317,0.45869508,0.53635776,0.3042023,0.6911203,0.11491785,-0.33370706,0.09880341,-0.44118088,-0.46674412,-0.084041044,1.0273569,-0.0993444,0.7726888
38537,-0.24206318,-0.26532236,-0.7475123,0.39273673,0.49254876,0.12401442,-0.11465623,0.35193273,0.15956332,0.22809097,-1.019598,-0.1497466,-0.77196723,1.2468935,0.24147761,0.46507537
38538,-0.057347316,-0.40071884,-0.16409469,-0.74888945,0.6471125,0.3314647,0.65020174,-0.636229,0.005874917,-0.10727291,-0.2955159,-0.028912796,-0.22516298,0.5244475,-0.09081597,0.7019826
38542,0.2592112,-0.3241944,0.5773562,-0.038070496,1.1689686,-0.0808305,0.6713259,0.076396376,0.005285471,0.009252413,-0.40815046,-0.6137251,0.10160102,1.1884431,-0.4138916,0.8075237
38544,-0.36986718,0.37726545,-0.31758717,0.26914376,0.085715674,0.72840977,0.7493455,0.2022695,-0.66740996,0.39281592,-0.68693745,0.3608556,0.28989846,0.8754973,-0.18588333,0.7832026
38547,-0.24012281,-0.6525681,-0.6812084,-0.5259286,0.893355,0.34970117,0.060819097,-0.11397036,-0.6016899,0.40629184,0.15742646,0.09280837,-0.82862,0.56953067,-0.23400418,0.6788224
38548,0.23918317,-0.7265842,-0.2543678,0.8882672,0.7341027,-0.19931209,-0.3945028,-0.011092599,0.33778515,0.3092085,-0.9190391,-0.46094108,-0.21994421,0.72556573,-0.6926338,0.90983474
38551,0.0074482523,-0.025150303,-0.08114258,0.3954192,0.057930592,0.48983747,0.43771055,0.060952254,-0.2747186,-0.07094016,-0.53863585,-0.5493206,-0.25320327,0.97970307,-0.13019781,0.81305915
38556,0.0029935937,0.14336725,0.19113828,0.2704323,0.9322855,0.076740645,0.32521316,-0.07532461,0.55333287,-0.56310785,-0.17391004,-1.1496658,-0.08997828,0.70434815,-0.9567481,0.8394685
46621,-0.24975823,-0.70405716,-0.5779446,0.5403841,-0.5593466,0.7668653,0.06938283,-0.014341754,-0.06343887,-1.5586935,-0.19406414,-0.49252692,-0.08813637,0.15807979,0.28636816,0.69901186
40966,-0.3976497,-0.076308,-1.2089065,-0.49025652,0.25166965,0.07923657,-0.6738876,0.66687024,-0.36467493,-0.6652389,-1.0265489,-0.5921233,-0.02358428,-0.24511793,0.2662509,0.9867798
61053,-0.17371213,-0.737146,-0.64173615,0.16928317,-0.9609558,0.44652048,-0.061859097,0.11317764,-0.46806818,-1.6823909,-0.5092527,-0.41816273,-0.27125576,0.657254,0.23161502,0.8959329
39754,-0.03900707,-0.37506303,0.13404259,0.042199332,-0.2567084,0.41940156,0.102855854,-0.076187596,-0.62093866,-0.91833377,-1.2163814,-0.8762554,-0.25549036,0.78287584,0.6755458,0.37937593
40924,-0.52828926,-0.6364761,-1.4433001,-0.23436281,-0.27894655,0.11689677,-0.47005206,0.44835234,-0.67727524,-0.9128643,-0.529594,-0.6515541,-0.08446391,-0.15444486,-0.040702943,1.0622518
1529,0.0025675977,-1.1366745,-0.06504364,0.15963332,-0.38165596,0.2627013,0.14645414,-0.26774532,-0.50541806,-1.1391,-0.39333853,-0.40165672,-0.3202252,0.80110854,-0.10181107,0.48871022
17464,-0.0666192,-0.88551795,-0.13940421,0.36075318,-0.50853497,0.18110105,0.0018162429,-0.120642565,-0.93977153,-0.9650251,-0.6301048,0.9249772,-0.29726645,0.54103196,-0.115422785,0.5706159
48783,-0.09900383,-0.58360803,-0.37139705,0.4006244,-0.5003318,0.58714783,-0.03850092,-0.2827182,-0.13120867,-1.0830609,-0.7569308,-0.45009077,-0.1416102,0.6142173,0.20658754,0.5399543
61049,-0.0862677,-0.78023124,-0.5726346,0.263304,-0.8570552,0.35779893,0.0016750202,-0.04593793,-0.17002766,-1.6597216,-0.56066394,-0.6045766,-0.19719008,0.68674016,0.33014968,0.9525815
61051,-0.23113678,-0.87253547,-0.43597358,0.21288322,-0.8372391,0.4105902,-0.06839666,-0.15042754,-0.47353622,-1.5744652,-0.517244,-0.6017339,-0.15237504,0.75315505,0.44345075,0.89394194
61054,-0.14935367,-0.80712193,-0.6181285,0.36488,-0.8851077,0.4353674,-0.14229704,0.12217385,-0.29376173,-1.6395613,-0.48549783,-0.47434825,-0.19668859,0.70123214,0.35965943,0.9033292
49923,-0.9168018,-0.10476153,0.5887844,0.56564075,0.2739312,0.48809016,-0.7774159,0.1898796,-0.24881448,-0.5375451,-0.31168187,-0.16013052,-0.48670715,1.0560659,0.34935948,0.9849104
5982,0.4637561,0.42593113,0.44712895,0.5057155,0.832722,0.3564638,-0.40916258,0.068175025,-0.035740703,-0.79634917,-0.5270628,0.6838901,-1.5260737,0.049254738,-0.3447626,0.42624182
109753,0.070696846,-0.16163288,0.36631584,0.12602621,0.74281126,0.5688866,-0.9227243,0.4403833,0.37815213,-0.7486238,0.5145145,-0.23341206,-0.26257005,1.0021027,0.53974915,1.4272758
17455,0.85550696,0.009366018,0.0891284,-0.14202657,1.0627695,0.15726538,-0.7024155,-0.062040556,0.41195142,-0.4718128,0.17131354,-0.47631648,-0.5191476,-0.0014580522,-0.87503994,1.3948319
106220,-0.22753078,0.05105002,0.8637793,0.25261033,1.0065207,0.5223372,-0.80112684,0.44068506,0.23516266,-0.8284833,0.3761355,-0.13478008,-0.1763099,1.483639,0.56660134,1.3387831
93356,-0.73493624,-0.2555093,0.666612,0.942783,0.91262764,0.1219936,-0.96077377,0.8556927,0.051661607,-0.047786992,-0.8627685,-0.049349315,-0.48956582,1.2839173,0.010397831,0.84267133
120747,0.91232294,-0.13497137,-0.0574445,0.28311008,0.484534,-0.18956988,-0.85198367,0.12600794,-0.56375724,-2.1986952,-0.30136567,0.47569355,0.16591118,0.12518106,-0.020737508,1.6250781
98297,0.59305894,0.04545987,0.10886752,0.34463048,0.7348448,-0.08828363,-1.1099285,0.28265882,-0.83540213,-1.9048439,-0.49619588,0.62957865,0.30147615,0.30896473,0.10838147,1.0676918
179872,0.9220505,-0.08743952,-0.11347,0.2434518,0.567621,-0.1926478,-1.0780995,0.19720693,-0.6466778,-2.4458401,-0.28705147,0.4859254,0.2111471,0.09050006,-0.14580041,1.8535926
179871,1.0316274,-0.13126731,-0.036299143,0.4653842,0.48714834,-0.14546104,-0.9872669,0.18105917,-0.6922093,-2.3584023,-0.39699355,0.5617415,0.2736116,0.1681435,0.032272663,1.9164592
129448,1.4091793,0.07237413,0.019332685,0.29195502,0.84744555,0.10847343,-0.80197835,-0.041483946,-0.46337113,-1.5555683,0.0011478713,0.095177,0.108489186,-0.15084931,-0.23698685,1.7710607
80043,0.52894837,0.0051559606,-0.16431946,0.073027365,0.8101242,0.71687543,-1.0630832,0.6310408,0.4657342,-0.72121185,0.6866731,-0.29714173,-0.22321923,0.35369313,0.42712644,1.6432106
100266,1.3233163,0.09831742,-0.09028086,0.2659343,0.9336383,-0.0073931357,-0.5306138,-0.4967829,-0.64404535,-1.4341244,-0.17014131,-0.0866555,0.34186786,-0.36694983,-0.29899728,1.7913367
16993,-0.07947055,0.38788188,-1.1880548,-0.53898895,0.724242,0.28132427,-0.66972375,-1.3292416,-0.3700933,-0.61546445,-0.90115464,0.23558481,-0.4174319,0.15948693,0.847955,1.0662607
79407,0.2999595,0.34009963,-0.9664294,-0.33090523,0.7158958,0.3043805,-1.0763708,-0.27051014,-0.5112966,-0.47719932,-1.403201,-0.23249876,-0.30100346,0.53707474,0.7597475,0.98235464
19714,0.2639625,0.757503,-1.0663651,-0.2943318,1.2075967,0.39545688,-1.3699378,-0.25621375,-1.2901639,-0.08112403,-1.579657,-0.09296517,-0.20547535,0.76529455,0.819122,1.3954979
79384,-0.3249424,0.12229329,-1.3006754,-0.5160086,0.4745722,0.04505299,-0.9574336,0.42444545,-0.5069936,-0.64479643,-1.3507499,-0.44129574,-0.15655145,0.00951715,0.51780987,1.0107273
79385,0.27559116,0.28225872,-1.0243306,-0.2927964,0.7911996,0.34146792,-1.1508545,-0.18275185,-0.48269293,-0.22803937,-1.454017,-0.26714954,-0.31391272,0.53808206,0.66349405,0.85189396
79386,0.27989224,0.32861528,-0.9768265,-0.4909192,0.79237646,0.3679159,-1.1018814,-0.24828438,-0.6284006,-0.3344831,-1.3737919,-0.19295652,-0.2581594,0.554069,0.65312886,0.8771439
79387,0.3569995,0.38674372,-1.0667212,-0.3793572,0.75045824,0.267759,-1.2390304,-0.19890463,-0.6392621,-0.45913172,-1.4517897,-0.18020472,-0.33214754,0.5738053,0.5252243,0.87063706
79388,0.41071588,0.2513658,-0.9309516,-0.38639137,0.7791482,0.34045777,-1.2455454,-0.32969767,-0.38275653,-0.35863653,-1.4046409,-0.26723877,-0.2841628,0.6215193,0.64676017,0.91773343
79389,0.4440431,0.07670612,-0.9065727,-0.43274632,0.8975536,0.4169194,-1.4771425,-0.5701618,-0.31709635,-0.7277177,-1.7130691,-0.08622049,-0.49407056,0.55461466,0.99362093,0.75851727
79391,0.3729904,0.18468234,-0.98163456,-0.45247513,0.9313495,0.3140704,-1.498163,-0.6016678,-0.25795344,-0.68401587,-1.8041251,-0.0958706,-0.49002165,0.5900057,1.0136265,0.9059351
79396,0.20026226,0.837017,-1.1519196,-0.18380785,1.2016468,0.37158486,-1.3433685,-0.22990689,-1.3976725,-0.06440945,-1.6430283,-0.15885851,-0.23379289,0.9033694,0.8061697,1.4212034
79397,0.14362079,0.69248873,-1.1672264,-0.32950225,1.0167805,0.2391411,-1.2532003,-0.31219476,-1.0698229,-0.15566152,-1.7177287,-0.2773319,-0.37973964,0.7557108,0.5615853,1.0578474
79398,0.42475066,0.40603155,-1.0508951,-0.31008708,0.7861047,0.31901002,-1.1792915,-0.33198613,-0.46534696,-0.3525791,-1.55488,-0.28380713,-0.2724047,0.6570779,0.546704,0.97763515
79399,0.28219834,0.6832662,-1.0223962,-0.26567844,1.0641735,0.3297038,-1.2982748,-0.23792799,-1.2200632,-0.16855022,-1.6985748,-0.15171126,-0.3540588,0.7159942,0.7710056,1.2567126
79400,0.4009766,0.38149667,-1.0803066,-0.3641776,0.7146831,0.37116912,-1.1931493,-0.20573482,-0.60660803,-0.42919216,-1.5500244,-0.16075231,-0.34874627,0.4844799,0.6626196,0.9252074
79401,0.089461066,0.7194904,-1.1911592,-0.3775501,1.3275495,0.37512565,-1.3416258,-0.24397884,-1.4574735,0.03715548,-1.6338791,-0.13489129,-0.1997525,0.8837882,0.8924035,1.411952
79403,0.088380404,0.7255331,-1.2027807,-0.37170008,1.1932533,0.2883954,-1.3016108,-0.2863121,-1.203872,0.078086145,-1.6362655,-0.17648132,-0.36191,0.9188001,0.8356683,1.452291
79412,0.40806347,0.31887954,-1.0098563,-0.30499184,0.7667918,0.26849243,-1.0378182,-0.22837275,-0.56641483,-0.41075313,-1.6214354,-0.2804001,-0.19551562,0.4549251,0.65998924,0.91034424
79414,0.058946546,0.87955886,-1.1882615,-0.3246142,1.359097,0.29981863,-1.296323,-0.34658965,-1.3124342,0.04355779,-1.6301163,-0.23117848,-0.29294655,0.8738513,0.7840515,1.3914789
79416,0.39627674,0.3911481,-1.0735346,-0.3063169,0.73293,0.3629328,-1.0690452,-0.36464468,-0.48159924,-0.33615604,-1.4275292,-0.18895325,-0.30369386,0.47254646,0.6336494,0.9634763
42751,0.23799014,-0.3946026,-0.30004668,0.53469616,-0.0550937,0.49537274,-0.28105834,0.3500895,-1.0892911,-0.9126143,-0.44429275,1.1595588,0.18642622,1.0356857,-0.30565253,0.20318447
80400,-1.2309402,0.08323795,0.8695518,0.52214783,1.1595222,0.5033927,-0.6943985,0.5942325,-1.0108917,-0.7097658,0.19004871,0.087123714,-1.1243857,0.290395,0.22396761,0.9200995
49234,-0.35073432,0.011367423,0.8270725,0.25898707,0.99356765,-0.22428916,-0.47581688,0.11496262,-0.6416013,-0.9116339,-0.72175324,1.2649395,-0.80835855,0.0576407,-0.23678544,0.62308645
7031,-1.0877422,0.22878408,0.8051536,0.37275013,0.912103,0.69482267,-1.0827311,0.21643251,-0.56310236,-0.6474298,-0.069655776,-0.2897852,-1.212312,0.35235953,0.25976002,0.83059925
107747,-1.3909526,-0.097912416,0.44306853,0.8473411,1.62918,0.29690737,-1.0669347,-0.24869813,-1.0535965e-05,-1.033324,-0.19800925,0.4074915,-0.064030826,1.0050973,0.6254439,0.66217387
119125,-1.252461,-0.15657306,0.5516568,0.46266034,0.896467,0.609329,-1.1071486,0.4872325,-0.59570444,-0.5949062,0.3611354,0.25888708,-0.6162739,0.9907597,-0.03430142,0.87934667
119129,-1.3115737,-0.0020361661,0.63973993,0.5305989,1.1189804,0.5100707,-0.8838998,0.5414305,-0.92000157,-0.57856154,0.3815247,0.04418915,-0.8862907,0.67733216,0.06474688,0.9661486
141653,-0.12936445,-0.10148576,-0.25891948,0.23767683,0.24888988,0.7010534,-0.42825904,0.68645114,-1.2338084,-1.1104076,-0.32493114,1.1985717,0.57191867,1.2074233,-0.48738945,-0.121548265
136008,-1.7263433,0.60305476,0.6590778,1.1139117,0.849682,0.5550835,-1.25664,0.71237934,-0.4002264,-0.61333334,-0.21174319,0.51354927,-0.061397795,1.2199861,0.31223887,2.0153627
135999,-1.6145242,0.4642108,0.6887084,1.0416087,0.77770984,0.50766647,-1.3261032,0.6246984,-0.34365314,-0.72612125,-0.27005067,0.5934023,-0.04291944,1.0902461,0.40345958,2.0656085
136003,-1.6417696,0.5560278,0.7059427,1.0463815,0.81664646,0.49601778,-1.289795,0.6731048,-0.41668087,-0.706659,-0.20557162,0.46390036,-0.01037702,1.075753,0.3535487,2.065153
161116,-1.2030345,-0.0057922346,0.85360265,0.6276659,1.108585,0.36157814,-1.0878031,0.5955153,-0.33022815,-0.88895154,-0.06557859,0.38515425,-0.15956138,1.2196456,0.38125825,1.2186898
159144,-1.15244,-0.028845442,0.7870749,0.7182371,1.2557611,0.47710872,-1.3524594,0.3546775,-0.42943233,-0.8047218,-0.104048684,0.36373588,-0.34087443,1.0743872,0.33284864,1.0917133
161112,-1.1706328,-0.045974575,0.80628115,0.7222457,1.2130294,0.54260325,-1.4390675,0.40330303,-0.24700065,-0.82524484,-0.09604095,0.37194052,-0.4808564,1.0750151,0.35653353,1.1273898
161117,-0.59914386,0.08617532,1.0959765,0.3271489,1.1547185,0.51687646,-1.0076201,0.4896828,0.038437977,-0.80260587,0.27321604,-0.039723724,-0.16638699,1.6388894,0.70886695,1.6255656
136002,-1.4936005,-0.087157205,0.5003175,0.78133327,1.530649,0.4133749,-1.2106997,-0.0886875,-0.11400842,-1.0110835,-0.15975878,0.39408004,-0.15953326,1.1139797,0.6268411,0.85249233
136006,-1.2605624,-0.030350676,0.8114393,0.5929227,1.1751355,0.49012333,-1.1754217,0.5094788,-0.3106729,-0.8433203,-0.00688211,0.21820316,-0.36331886,1.1543443,0.45079133,1.1422511
161118,-1.1410078,0.04516639,0.72373587,0.5238851,1.1413889,0.46434632,-1.3034116,0.41262352,-0.36797947,-0.93270546,-0.020991249,0.36834997,-0.25044012,1.0780641,0.46044874,1.2291678
135995,-0.69772416,0.17406571,1.1460214,0.42233464,1.1585791,0.53594196,-1.1136789,0.5025302,-0.11378489,-0.8602141,0.11807518,-0.04653648,-0.19156878,1.6308689,0.5878863,1.5074952
135994,-1.1144639,-0.027097464,0.8150411,0.59617215,1.191692,0.46343598,-1.3405074,0.50754565,-0.40825915,-0.83116645,-0.119394414,0.32216623,-0.40176076,1.030816,0.4582909,1.1890949
135998,-1.500714,-0.35664544,0.49592638,0.7755184,1.6151135,0.29831266,-1.2892098,-0.1711428,-0.27138147,-1.0905831,-0.14167045,0.28214344,-0.052172765,1.0114111,0.75108725,0.94763637
136001,-1.4360862,-0.23327352,0.5613544,0.8266454,1.5199276,0.3461964,-1.2015393,-0.028703237,-0.25563353,-1.017505,-0.07897105,0.28832397,-0.16500434,1.089225,0.68290776,1.0590702
119203,-1.2546668,0.07299044,0.8002083,0.80111444,1.1526221,0.46586367,-1.2489774,0.4675579,-0.22902842,-0.73345923,-0.17225589,0.24162404,-0.4189521,1.0319774,0.37325865,1.274184
142814,-0.46864736,0.08106205,0.9398623,0.24697351,1.1054163,-0.32385397,-0.5015453,0.24663691,-0.5921026,-0.91378343,-0.8536016,1.2865562,-0.8805256,0.13903081,-0.18424438,0.7680491
142812,-0.37763998,0.042484175,0.89249134,0.36272323,1.0703884,-0.2813969,-0.5800503,0.17365642,-0.5375928,-1.059004,-0.8123681,1.3917484,-0.90662456,0.08091454,-0.14531896,0.8200453
142813,-0.07630336,-0.3947273,0.85476613,-0.06559339,1.1812246,-0.23163469,-0.5385623,0.41494644,-0.18384336,-0.38089868,-1.2031258,1.3488,-0.6651972,0.30904186,-0.1255703,0.48926237
108370,-0.015817618,-0.2932432,-0.60394394,0.76266235,-0.07991916,0.5812802,-0.47651666,0.46068665,-1.110467,-1.164361,-0.7596775,1.3617967,0.36840406,0.95117474,-0.033109788,0.0512664
