500,16
33582,0.94373417,0.3643663,0.59183335,-0.1948717,-0.5363444,-0.6000994,-0.023985608,-0.32362083,-0.3426485,-0.0020117639,0.9605144,0.78565496,-0.38698933,0.32609788,0.36429435,-0.21299209
526,0.7245122,0.26207414,0.8791466,0.35021323,-0.40670872,-0.5764449,0.28274032,0.13576443,-0.1361411,-0.21197796,0.70638525,0.76040703,-0.40780383,0.21370625,0.23274554,-0.0032318134
1269,0.47905707,0.58108586,0.3908467,-0.30406478,-0.48070207,-0.15956235,0.71377444,-0.043428097,-0.36880675,-0.65223044,0.6408677,0.67692304,-0.5327139,0.17354278,0.34500077,0.57628304
1500,-0.0061005033,-0.011634576,0.48918378,-0.18178937,-1.0631071,-0.33045948,-0.13278788,-0.20190255,-0.54820216,-0.21297602,0.5998593,0.308006,-0.4628191,0.51839256,0.36748493,-0.30539757
2009,-0.26362357,-0.06259511,0.016406715,-0.88743585,-0.12877169,-0.6814591,-0.033297062,0.008291621,0.35030717,0.19041821,1.0896268,0.6892185,0.06951309,0.3425728,-0.0031068528,-0.2967414
2235,1.424928,-0.21091057,0.5630811,-0.17026854,-0.54255587,-0.21770172,-0.40082324,0.06344046,-0.46711302,0.3473907,1.0735438,0.7571516,-0.089125745,0.327519,0.35373995,-0.34033316
6499,1.1051381,-0.16607831,0.54838634,0.3139984,-0.35207388,-0.38773063,0.05352248,0.08890554,-0.24661385,0.34069377,0.9762162,0.7026805,-0.31862137,0.2739559,0.34339964,-0.09840487
9861,0.816855,0.42037302,0.42686054,0.30062157,-0.34287798,-0.34467706,0.19568421,0.054078385,-0.45112237,0.14521547,0.93988687,0.5926357,-0.54298484,0.26337838,0.52338517,-0.312566
590,0.41718557,0.5338378,-0.303464,-0.031224724,-0.57742625,-0.17454007,0.12779504,0.883704,-0.2654122,-0.8622115,0.6858722,0.7305384,-0.34718856,-0.38990578,0.19596507,0.20586883
34,0.3407846,0.060946353,0.9364816,0.41731727,-0.029660655,-0.6638759,0.3493116,0.7009791,0.125742,-0.406898,0.5497839,0.8827838,-0.2937365,0.228187,-0.14234585,0.23546204
459,-0.2481276,0.09062244,0.3600762,-0.03203639,-0.5883084,-0.0807288,0.5263796,0.7417368,0.10668987,0.273293,0.23708133,0.35894218,-0.46624392,0.4610679,-0.18556239,-0.12158932
2081,0.079982415,-0.45608243,0.012370439,-0.011996512,-0.1857571,-0.44886452,0.3648577,0.6022756,-0.5100227,0.115175806,0.63356686,0.29375982,-0.27350846,0.21674874,-0.12174795,0.36432093
3553,-0.13405453,-0.008356641,0.30093327,-0.03944212,-0.14284563,-0.44547877,0.010858514,0.7395156,-0.34618574,0.32282245,0.5378529,0.6159028,0.22741084,0.19488469,0.50482863,-0.036138378
3598,-0.16632213,0.07687317,0.72555095,-0.03437902,-0.13581847,-0.32995304,-0.2066873,0.44245327,0.30374143,0.026719254,0.7369033,0.77888113,-0.14106627,0.37913516,0.40209627,0.46593595
5309,0.46630558,-0.38432014,0.6917087,0.28420216,0.012560465,-0.44388667,0.049761612,0.5762497,-0.472289,-0.0025872083,0.8537953,0.5532215,-0.3132572,0.13677566,0.034833483,0.22522548
5312,0.345684,-0.05658798,0.9591846,0.8131749,-0.20010671,-0.76311344,0.34419647,0.67055166,0.24202995,-0.45251748,0.3693503,1.0221227,-0.40446073,0.3237254,0.11130305,-0.5734787
5463,-0.20063196,-0.028602738,0.6017696,-0.096879564,-0.55260944,-0.24864306,0.35051885,0.42854825,-0.11901975,0.42396146,0.8197733,0.4499177,0.21384408,-0.029011413,0.19625895,0.19981346
5594,0.73760426,-0.286182,0.47134218,0.21973586,-0.4778758,0.051496193,1.114308,-0.057954736,0.21466531,0.54565847,0.4128315,1.2141297,-0.3722426,0.3604471,-0.27462977,0.28712985
5630,0.51373416,-0.018158894,0.73912126,0.7734405,-0.098521225,-0.17760733,-0.015658032,0.66527355,0.3080312,-0.18401189,0.7397442,0.8555371,-0.73030794,0.05994194,0.5553134,-0.33580658
5874,0.90643394,0.13643697,0.58555514,0.46576348,-0.22541298,-0.8020012,0.49069417,0.22328652,-0.18603507,0.035199918,0.79845566,0.52876097,0.3992527,0.94818246,0.4507914,-0.06629793
7466,0.526854,-0.11053116,0.7698906,0.057815637,0.010193383,0.040765062,0.24217331,0.32517478,-0.7178022,0.09183719,0.84828585,0.7063379,0.334501,0.43395153,-0.14034182,0.18528876
29214,0.4236637,0.21740516,0.8792467,0.24801442,-0.7447027,-0.0739755,0.0667874,0.030431388,-0.3389581,-0.53212196,0.5944728,0.92842233,-0.58480006,-0.06646484,0.27098435,-0.26426494
34857,0.27458093,-0.09766077,0.36625993,0.1570832,-0.027267428,-0.06981687,0.030549476,0.46188262,-0.59992844,0.46507257,1.0383619,0.5004106,-0.33367044,0.0458546,0.47201562,0.010528724
34874,0.45614716,0.6306883,0.6198934,0.057685997,-0.8994907,-0.44477373,0.372006,0.3491866,-0.3925296,-1.0210035,0.81378454,0.20471239,-0.5868388,0.110860765,-0.09013018,0.1625333
3132,0.16586202,0.29961225,-0.23428515,-0.1904935,-0.61657745,-0.39079705,0.588337,0.59372693,-0.31943676,-0.5452541,1.0087472,0.0279463,-0.2609152,0.016139379,-0.22809371,0.57263625
1762,-0.3521408,-0.11351288,0.24116497,-0.22741374,-0.5775661,0.4697316,0.85850626,-0.072214365,0.394183,-0.5452434,1.1145189,0.36235857,0.2629904,0.21852699,0.52045655,0.52353144
770,0.6658206,0.8644212,-0.18179823,-0.6947019,-0.37507048,0.19395587,0.47496697,0.45308524,-0.341003,-0.47033203,0.8606531,0.5974162,-1.2293745,-0.13607167,0.668787,0.66070455
35212,0.62233806,0.12328351,-0.012918634,-0.33041206,-0.024497693,-0.026116524,0.6071182,0.025920505,-0.8068,-1.0432038,0.53498435,0.86279494,-0.86225885,0.6562963,0.33949083,0.7913913
4929,0.51037806,0.74436,-0.5688134,-0.2953987,-0.4544924,0.2809471,0.49870625,0.26127705,-0.32275426,-0.62312645,0.9108617,0.9013154,-0.7504948,0.06044346,0.38352388,0.80417496
28984,-0.03525708,-0.1536709,0.8343679,-0.29738852,-0.66390187,-0.28237736,0.4151608,0.5274288,-0.18954334,0.117388934,0.045342013,0.66841245,-0.45272273,0.15950544,0.4006563,0.69812906
2132,0.119209774,1.4954137,-0.18413813,-0.14515038,-0.31295788,-0.2716223,0.68669033,0.69721466,-0.5636087,-1.1313722,0.8122343,0.8084738,-0.30239677,0.13148575,0.20851855,0.16402961
13732,-0.51388276,0.12900884,0.25634575,-0.7778104,-0.41879773,0.04655527,0.59517527,-0.036714222,-0.27733815,-0.16132924,0.29943603,1.380516,0.4348819,0.4135832,0.116696455,-0.36894763
1615,0.10763534,0.27282158,0.3800276,0.24354944,-0.09923357,-0.1788815,0.5040675,0.6987211,0.17691927,-0.4655312,0.9189048,0.63657856,-0.10538335,-0.015183079,-0.12081909,0.7159433
2798,0.03441227,0.39339846,-0.6066626,-0.18617457,-0.70588565,0.55543673,0.44936252,0.35762373,-0.020279188,-0.4740228,0.8469923,0.5627607,-0.3872332,0.19765896,0.34342486,0.94648635
5862,0.044330183,-0.091232106,0.4883989,-0.19291778,-0.4684798,-0.32339358,0.71367925,0.7035918,-0.52384096,0.013504124,0.50410426,0.36439267,-0.04769007,-0.17960131,0.2937283,0.6405764
3866,-0.034359165,-0.56558746,0.15680914,0.07453282,-0.6199492,-0.20678134,-0.06008709,0.37761804,-0.39212117,0.052695476,0.7990749,0.23358326,-0.20624398,0.4671322,-0.24127114,0.38963196
23331,0.045661423,-0.017090581,0.53881276,-0.035552517,-1.2255286,-0.02926785,-0.064482875,0.22889121,-0.4991483,0.1646562,0.83822507,-0.004604418,-0.39931622,0.57579,-0.5412772,-0.052556835
28917,-0.28573397,-0.21381466,0.25788054,-0.05845136,-0.3828454,-0.1553307,0.30107042,0.3685879,-0.6526171,-0.12177469,0.9157063,0.40916467,-0.08615408,-0.21330222,0.0075965496,0.2269735
1537,-0.026389664,-0.24973524,0.49324086,-0.1533216,-0.37558153,-0.14957349,0.40724266,0.16529937,-0.29167315,0.015577455,0.61590844,0.7421914,-0.03927455,0.0905614,0.079222366,0.5462536
2105,-0.4320961,-0.3512466,-0.113925196,0.16472799,-0.45791632,-0.18998244,0.5285118,0.49963996,-0.50279576,-0.26004454,0.31571212,0.528677,0.1205209,0.37534103,0.87531495,0.25317886
4363,-0.021696031,0.12811048,0.3417333,0.54015017,-0.78328836,-0.092988886,-0.058526143,0.6150644,0.24838363,0.21039756,0.23889533,0.81845707,-0.35464126,0.42351913,0.92682135,-0.013853425
13063,-0.2706074,0.23248905,0.34403777,-0.89203817,-0.43550217,-0.95313406,0.09486853,-0.43631527,-0.1755573,-0.48211524,0.94531506,0.69831127,-0.48634693,0.6121079,0.06643686,-0.9205468
29441,0.2303358,-0.5940262,0.3325132,-0.34544235,-1.3499951,-0.6711697,0.06878977,-0.057157934,0.29315722,-0.1735962,0.49198386,0.14438806,-0.72673625,0.5174983,0.18399073,0.07085542
3830,-0.35400835,-0.63663334,0.32454285,-0.15167218,-0.46862125,-0.5498224,0.17006114,0.6113884,-0.15474744,-0.086780414,0.36401916,0.5071903,-0.03612574,0.12682693,0.2902804,0.3907163
5459,-0.5108099,-0.27302155,0.395902,-0.30049956,-1.2041698,-0.30808857,0.17764235,0.2252806,-1.022025,0.20024061,0.34984478,0.17206217,-0.38769326,0.33913356,0.22504592,-0.96980244
15594,0.04137795,-0.57789147,0.05914279,-0.44006452,-0.67654485,-0.14993256,-0.4425749,-0.0050054155,-1.0885862,-0.84734905,0.1696869,0.638297,-0.5226331,1.359679,0.27046233,0.33769488
607,0.21165466,0.32819128,0.50509185,-0.08319524,-1.0412506,-0.36304763,0.2201389,0.20571683,-0.4281654,-0.67672795,0.60873884,0.4316295,-0.4192614,0.09012455,-0.13038912,0.25821587
4435,0.16913752,0.06717022,-0.4925971,-0.38475183,-0.7337206,0.3442951,-0.82264113,0.6377852,-0.3654465,0.33462167,0.5930785,0.72924405,-0.46268436,0.3850961,0.5192181,0.1483695
26380,-0.4393895,-0.07695579,0.42365745,-0.08819546,-1.073646,-0.26194343,-0.19070561,0.33000058,-0.7872279,0.04978791,0.563994,0.13825242,-0.20904526,0.58198416,0.08002663,-0.47841328
23665,0.070361875,0.3573458,-0.05552966,-0.3698131,-0.7514845,-0.6638378,0.2654799,0.36235797,-0.18328057,-0.38735977,0.82775366,0.25056037,-0.36710382,0.1724496,-0.10657277,0.081688344
1800,-0.24701159,-0.65499353,0.24367301,-0.47224945,-0.5338084,-0.27135557,-0.4988604,0.1927699,-0.48015693,-0.11058635,0.3547622,0.8503959,-0.39620012,0.5001191,-0.008010161,0.34920794
7827,-0.045687336,-0.5194742,0.24434793,0.11187972,-1.2473819,-0.35339075,0.27251226,-0.08252698,-0.74384916,0.112245314,0.61551654,0.13455318,-0.19832125,0.54303044,0.15907751,-0.73325443
26011,0.091228336,0.51151544,0.06702393,-0.38819176,-0.5944858,0.08181995,-0.08190194,-0.10639389,-0.16701333,0.45641884,1.2710888,0.26030973,-0.52167785,0.31443086,0.94692487,-0.14266625
4565,-0.61554426,0.39303276,0.033023838,-0.061148077,-0.031474516,-0.07505942,0.51876086,-0.12748782,-0.64383554,-0.010357035,0.60857934,1.0269884,-0.6044332,0.72671235,-0.062689915,-0.46288243
30505,-0.7613602,-0.1390265,0.5715168,-0.2371084,-1.0015285,0.3127504,0.11860707,0.17384134,-0.31208754,-0.058222424,0.44317707,0.8442723,-0.89550203,-0.015348887,0.05775703,-1.0453298
27395,-0.095895864,0.29259917,1.3519336,-0.62813073,-1.1685313,0.54369605,0.001718488,0.33605132,0.059226286,-0.31403014,0.5858102,-0.0824201,-0.08661536,1.1693606,0.8050292,-0.19914523
28355,-0.03818328,-0.4712913,0.44062212,0.087069556,-0.6888715,-0.34345824,0.08874075,0.22796027,-0.48511568,-0.042946238,0.8777006,0.4173423,0.1563616,0.19204167,-0.49591008,-0.014745665
24342,0.27521417,0.25142893,0.6149761,0.43554267,-0.31641424,-0.22021201,-0.035350323,0.5111151,-0.6899035,0.36191666,0.81915826,0.4398432,-0.3750669,0.2604284,0.2906746,-0.26337674
143,-0.15747374,-0.08097486,0.08084739,-0.08127603,-0.66261214,-0.5863555,0.093048066,0.53125936,-0.30352455,-0.2820854,0.49796164,0.44007158,-0.5193908,0.11927956,0.1715601,0.24032755
604,0.5011409,-0.65940446,-0.44716346,0.4737391,-0.5967357,-0.13298455,0.66777545,0.17536394,0.13297743,0.15960915,0.7319709,0.36680645,-0.02663342,0.76171166,0.5301899,-0.28064772
2290,-0.6470151,-0.32992,0.142333,0.013669127,-0.43544358,-0.038110204,-0.67094904,0.6489721,-0.23464122,-0.28270996,0.96458966,-0.05836683,-0.08194185,0.8801431,0.18899654,0.21181756
45131,-0.7205193,0.42294934,-0.13247451,-0.8108508,-0.32700217,0.0072194072,0.4523309,-0.0150846215,-0.0035630993,0.31845978,0.5420452,1.4492301,-0.12875047,0.502423,-0.13897417,-0.5971095
3922,-0.9372598,-0.40600976,0.20424913,-0.12880176,-0.8457541,0.009643162,-0.05298228,0.14532903,0.04237636,0.013018546,0.70848596,0.65697753,-0.13562725,0.0784897,0.30226713,-0.14908244
59270,-0.23791291,0.02292112,0.04697927,-1.053952,-0.21895932,-0.7650106,0.094401665,0.003643936,0.43436608,0.32744274,1.1690733,0.7840521,-0.034371443,0.30532622,-0.0077048372,-0.31294546
8662,-0.44136453,-0.60175097,0.3961273,-0.745473,-0.49974802,-0.31301326,-0.14076115,0.22567727,0.32475492,0.10233414,0.81470263,0.10463894,-0.92637336,0.29337358,0.3891163,0.5947013
51610,-0.5462797,0.27873728,0.0346213,-1.2717866,-0.08997714,-0.75404,0.41604206,-0.33702266,0.021698643,-0.04969676,0.9184806,1.1188073,-0.11013919,0.67382157,0.074180216,-0.56965196
47091,-0.69285524,0.11089433,0.05955198,-0.55791926,-0.3660919,0.14304647,0.8044885,0.1654666,-0.17961906,-0.18119241,0.45390627,1.3343831,-0.3676654,-0.0027668034,-0.09137164,-0.96143836
27177,0.08869258,-0.44748366,0.021064421,-1.006894,-0.24077816,0.35826424,0.3414024,0.23919171,0.51253504,-0.4738527,1.1855513,0.24967875,0.4289388,0.8784539,0.65002763,0.14762399
51645,-0.16078687,-0.008696354,-0.10677067,-1.0308677,-0.124876715,-0.71703416,-0.009565029,0.06818814,0.48268566,0.2642307,1.111206,0.84390867,0.0069917114,0.4575307,-0.046077307,-0.33746582
51537,-0.24960537,-0.13739184,0.048362255,-1.0535344,-0.10787309,-0.8320826,0.032085143,0.0961545,0.39560753,0.2666877,1.2091993,0.641431,0.110100664,0.4570269,0.021209309,-0.26455456
5791,-0.367229,-0.092004634,-0.12858762,-0.9452374,-0.21888606,-0.7994923,0.044915497,0.030814279,0.47213334,0.21326706,1.1739144,0.7648719,0.026510628,0.44230217,-0.0015792628,-0.32690102
20332,-0.27646014,-0.014392454,-0.05812381,-1.0852898,-0.14008336,-0.786598,0.040707085,0.16155058,0.4784427,0.23944817,1.214289,0.661623,-0.017554969,0.31083566,-0.01558422,-0.33072746
31527,-0.27924088,0.31715158,-0.37987357,-0.33689734,-0.5043921,-0.5781866,0.21733601,0.60869557,-0.23844357,-0.5124247,1.7017549,-0.095706984,0.26512277,-0.35027704,0.09908219,-0.280242
34493,-0.28806794,-0.13474429,0.029222265,-1.0227504,-0.098049395,-0.7735985,-0.050020535,0.08116007,0.386291,0.16820642,1.1711843,0.7491469,0.027252223,0.34296682,0.05587436,-0.33445525
6019,-0.58730173,-0.4863445,-0.03168951,0.11026322,-0.03513374,-0.7252085,0.18597485,0.7356839,0.44409043,0.38389993,0.58606553,0.4823122,-0.62244356,0.34415293,0.75250953,-0.020135699
59278,-0.60486305,0.12155877,0.0047494895,-0.99134296,-0.1869149,-0.3958638,0.5002704,0.06168778,0.033595294,-0.27861086,0.6963958,1.170111,-0.42732638,0.25270587,-0.017930357,-1.0617568
42934,-0.18298231,0.04863409,-0.018064044,-1.0558419,-0.23491988,-0.8361036,0.020044308,0.07760264,0.49527088,0.35593084,1.1983459,0.720838,-0.06574974,0.3683161,-0.030152543,-0.34022388
34522,-0.24822536,-0.0028753055,-0.0047884365,-0.9820505,-0.24264278,-0.79643893,0.09130577,0.06611531,0.4332965,0.35327554,1.2326459,0.68347204,-0.00021515504,0.27693537,-0.009842955,-0.34193814
29094,-1.0242971,-0.7906975,-0.092182055,0.039085858,-1.0179937,0.2562461,0.18613449,-0.17463352,0.54437727,-0.19572145,1.2301878,0.2076257,-0.18632056,0.56034464,0.28781286,-0.3333242
30227,-0.2942262,0.01282891,0.12766877,-0.8117618,-0.40909886,-0.5646621,0.3048324,0.51222485,0.5576227,0.36134273,0.69141155,0.41206685,-0.2010099,0.5270607,-0.1470814,-0.16714014
5,-0.6572864,-0.263904,-0.08708149,-0.19098756,-0.18884553,-0.73068595,-0.04499342,0.60043746,-0.09686144,-0.25267258,0.42857322,0.64241177,-0.5780017,0.22215202,0.30708233,0.1961819
24871,-0.13655399,-0.073689,-0.07386148,-1.0786511,-0.20106822,-0.7697589,0.08073379,0.1280447,0.5441017,0.11194488,1.1608803,0.75273067,0.080439664,0.37200895,-0.04980907,-0.31522244
57737,-0.2616139,-0.19156308,-0.032095786,-1.0096267,-0.16595401,-0.81402934,0.01045302,0.18608359,0.407671,0.1080821,1.1311574,0.7113606,0.024593992,0.21745142,0.049364064,-0.34067467
24977,0.34861627,-0.4654313,-0.376649,-0.4872055,-0.5828882,-0.34740236,0.24819194,0.015192798,-0.40479556,0.22888295,1.1846365,0.50698215,-0.060948025,0.111956075,-0.73284,0.41916078
25108,-0.27233663,0.026967084,-0.028434645,-1.0721338,-0.17804597,-0.8173135,-0.022837205,0.18852654,0.44364512,0.25720385,1.234071,0.69623995,0.021416739,0.37165946,-0.033485506,-0.37702549
722,0.16864279,-0.8476267,0.10708621,-0.5587661,-0.2617006,-0.60962415,0.78330624,0.53166074,0.7420107,-0.024807772,1.0384431,0.81874317,0.1020648,-0.75694764,0.12181478,-0.08963418
25343,-0.4298667,-0.36375648,0.20064338,-0.7840093,-0.1890067,-0.6272159,-0.6414665,0.18438125,-0.2838446,0.39653078,0.80979306,0.65775543,-0.86147404,0.4621876,0.09739676,0.054539807
9158,-0.27727908,-0.39299205,0.091338515,-0.659282,-0.11551369,-0.6900703,-0.59858686,0.26901177,-0.57189614,0.42275754,1.0090238,0.8656183,-0.20729375,0.21621504,-0.4158168,0.022774855
9216,-0.29199114,-0.05951261,0.2296168,-0.15305533,-0.123687275,-0.3094502,-0.43941614,0.45478454,0.24772294,0.18886343,0.9743367,0.9884365,-0.01751348,0.18911955,0.04876301,0.1364314
33793,1.1129854,-0.5696017,0.10702484,-0.7291271,-0.6239663,-0.14516306,-0.46680877,0.5199984,-0.3094604,0.43802133,0.5109558,0.7652001,0.28301126,0.53532785,0.87161684,-0.3907986
9321,-0.28545445,0.2727357,-0.14018364,-0.60313344,0.20050775,-1.5058941,0.12932757,1.1793536,-0.12997344,0.23245816,0.58771896,0.41111195,0.05804523,0.5429081,0.018177036,-0.18899308
1557,-0.63695556,0.26319504,-0.07093246,0.0050461683,-0.4968343,0.21461283,0.36869413,-0.0069497847,0.44662896,0.17655155,1.201866,0.40532628,0.23335077,0.5296674,0.813391,0.3864744
34631,-0.03068545,-0.2642031,0.3016268,-0.3601093,-0.7137503,-0.23957227,0.29350573,0.34141558,-0.15729044,0.22622076,1.1693027,0.4706138,0.27628773,-0.34393284,-0.27610704,0.26000652
59263,-0.28484368,-0.004021033,-0.083582096,-1.0159523,-0.15238969,-0.6970282,-0.026413294,0.05314344,0.44793138,0.20848559,1.2249637,0.7956904,0.0050745094,0.29732624,0.014860473,-0.20801999
59298,0.24957466,-0.38592693,-0.6230059,-0.31939435,-0.29331422,-1.0107808,0.57792354,-0.21720898,0.6324045,0.38932392,1.3946247,0.53913915,0.05704567,0.71279395,0.26891297,-0.6924105
59310,-0.20895879,-0.06019237,-0.14728282,-1.009754,-0.17892355,-0.7630458,0.017131016,0.078224234,0.5045697,0.3039004,1.2737949,0.67833954,0.014638696,0.4552915,-0.041696183,-0.42279747
10165,-0.21205755,-0.04517455,-0.02640207,-1.0383513,-0.119720414,-0.7794183,0.0110010505,0.10262153,0.39863566,0.11629563,1.2384465,0.65649456,0.09943727,0.47405258,-0.059251543,-0.27935266
59332,-0.25874832,-0.08353082,-0.14023818,-1.057559,-0.12279494,-0.7710031,0.0008558144,0.08316671,0.42425162,0.19603987,1.2939931,0.80432624,0.027994633,0.21518518,-0.07800133,-0.30275318
2047,-0.7103405,0.35770583,-0.23884021,-1.0014279,-0.08253106,-0.4189199,0.35852686,-0.2022722,-0.054224752,0.10342271,0.9712709,1.154019,-0.25961226,0.58461297,-0.10821987,-0.6521581
3720,-0.34092754,-0.71069473,-0.12943448,0.23425327,-0.15543456,-1.0421965,0.23367219,0.48969567,0.34846872,-0.12285711,0.5862294,0.6543509,-0.3318863,0.38617924,0.4853838,-0.46085408
3853,-0.3596016,-0.011145131,-0.2803875,-0.2986676,-0.114346206,-1.2478281,0.031563405,1.1489536,-0.1965156,-0.10070764,0.35771087,0.486869,-0.018142097,0.41979408,0.020983798,0.16102345
4080,-0.39213386,-0.12197315,0.3799092,-0.12050419,0.22830564,-0.83620554,-0.31423262,0.40782452,-0.48700234,0.33836934,0.87435114,0.32998827,-0.6985773,0.8090328,-0.1944167,0.105960146
4573,-0.5079636,-0.7150597,-0.38418025,-0.3348523,0.11122015,0.31082833,-0.5226914,0.48861456,0.016770616,-0.27172968,0.9088167,1.2927527,-0.5336744,-0.0376022,-0.32658738,-0.17427275
4605,-0.13759124,-0.0241393,0.05192927,-0.19572784,0.3148623,-0.41753918,-0.41261217,0.8199658,0.43184698,-0.042852387,1.2846838,1.0706347,0.042716045,-0.24181074,-0.11810365,-0.13349527
4771,-0.5094852,0.096151,-0.47740585,-0.11726989,-0.44433305,-0.012213057,-0.04326909,0.36409456,-0.19995221,0.10636213,0.8909678,0.715125,-0.1778842,-0.016683234,0.27538103,0.047409844
4994,-0.6945124,0.979239,-0.56367385,-0.2448404,-0.088657,-0.02433271,0.29278767,0.07305746,-0.29427767,0.09633764,0.7348841,1.2394178,-0.5215186,0.7364799,-0.07358438,-0.15258323
5330,0.062866956,-0.14932239,0.75376505,-0.16051266,-0.36077985,-0.6567806,0.3939396,0.5575055,0.074285515,-0.5105876,0.45510277,0.6987854,-0.014938588,0.14972281,-0.25531617,0.45064962
5918,0.18407357,-0.25507274,-0.23734099,-0.5770326,-0.30157903,-0.77012795,0.6937552,0.20332646,0.7348225,0.7700121,1.098976,0.21933286,-0.27421993,0.7705264,-0.103853956,-0.5707448
5960,-0.9328563,-0.15289213,0.26725945,-0.29839846,-0.17176707,0.07719796,0.9033533,0.18315369,0.37529033,-0.27180046,0.74893564,0.6693982,0.021962583,0.47189125,0.062637255,0.41897923
5984,-0.6885375,-0.15299855,0.15712184,0.078295335,-0.6243009,-0.42400205,0.10277537,0.5648606,0.50046694,0.39084738,0.6117165,0.52608,-0.08514457,0.3376153,0.8077586,0.08149844
6959,-0.42176032,0.058475073,0.106087305,-0.51649666,-0.7965177,-0.44549608,0.46456334,0.36765593,-0.122409746,0.1789993,0.70969945,0.7930113,0.7759326,0.56444293,-1.0404391,-0.40422347
7001,-0.41034356,-0.37086377,0.2781224,-0.98768336,-0.37968618,-0.71625906,0.5798075,0.6115949,-0.35934135,0.6227491,0.46094075,0.24557196,-0.19388111,0.120667644,0.33156413,-0.4332262
7515,-0.43605542,-0.3041249,0.28370592,-0.9138651,-0.3062173,-0.49275237,0.10182023,0.32722554,0.43305236,0.3330385,0.83505774,0.25103366,-0.8090108,0.453417,-0.056421913,0.2050453
12012,0.38773686,-0.29842418,0.4914118,-0.36733103,-0.9726626,-0.5472472,-0.26773265,0.3801939,-0.06423124,-0.3327854,0.554821,0.7337039,0.15707263,-0.021719778,-0.089852266,0.33895582
12238,0.6022454,-0.3778673,0.10646583,-1.2380046,0.58040243,0.23423614,-0.096776254,0.48680425,-0.18405353,-0.39203423,1.2998856,0.58935946,0.33333957,1.229522,-0.089751355,0.28350967
13274,-0.4965522,-0.45939413,0.22406925,-1.072912,-0.37379885,-0.612965,-0.08209333,0.12874518,0.5182076,0.30468786,1.0385653,0.3587259,-0.5880528,0.34019768,0.11519542,0.2041546
13426,-0.86033785,0.39272812,0.011506689,-0.66302204,-0.59727687,-0.023838788,0.22190449,-0.04826693,-0.1272421,0.331387,0.51590574,1.2313073,-0.19446446,0.54413307,-0.021654628,-0.5450635
22758,-0.41492453,-0.026592977,0.23609196,-0.4821795,0.26871303,-1.0042616,-0.2218548,0.14161597,-0.15354055,0.46722916,1.2092494,0.39557275,-0.5488834,0.8061804,-0.2345965,-0.0559101
22988,-0.17571463,0.22713514,0.33519703,-1.0645633,-0.36236647,-1.0806687,0.06021184,-0.3890748,-0.022752905,-0.36267146,1.067307,0.6704387,-0.37350336,0.6313749,0.046414014,-0.84010816
23046,-0.120071,0.34581712,-0.22384617,-0.7213316,-0.7717939,-0.44603863,0.24918516,0.62800103,0.19669454,0.5210432,1.1098235,0.5280704,0.68370605,0.445518,-0.9149046,-0.6776009
23618,-0.22703335,0.19299445,0.1723678,-0.41963124,-0.2768584,-0.63457733,0.13210781,0.6049249,0.09997803,0.46851817,0.5917476,0.6017363,-0.1271065,0.3739977,0.15298012,-0.24657984
23681,-0.39176643,0.11356699,0.057722665,-0.5260734,-0.61742514,-0.028628213,-0.44476044,0.43603456,0.3086793,0.41023102,0.8761002,0.5105079,-0.16901678,0.4019292,0.42238107,0.3324269
24497,0.19651715,-0.7370561,-0.857927,-0.94140565,-0.06263302,-0.28932732,0.004858949,0.048443574,0.33889014,-0.12129826,0.8933614,1.0424597,0.18499039,0.8805293,0.34190732,-0.2892999
26674,0.3229638,-0.5423862,-0.5827469,-0.23492834,-0.52048326,-0.5166157,0.5100056,-0.039172903,-0.045064397,0.40580022,1.1170006,0.43540648,-0.07680277,0.41348314,-0.33471557,0.14387065
26731,-0.44806972,0.11650082,-0.14285992,-0.8021184,-0.5685903,-0.30300078,-0.5008967,0.35738507,0.521232,0.539846,1.0709277,0.5687051,-0.093291536,0.3421004,0.39027688,-0.012632954
28483,-0.23163252,-0.15993126,0.04419456,-1.0454777,-0.14358787,-0.81488806,-0.03435153,0.16021575,0.46822494,0.19196954,1.2447736,0.7339813,0.14122236,0.29802012,-0.040492713,-0.4028065
28551,-0.68287915,0.3330296,0.08241897,-1.1103503,-0.118593,-0.51363474,0.5124343,-0.33049294,-0.1511159,-0.23597084,0.80982596,1.1746025,-0.07326664,0.67536473,0.0794181,-0.6772834
30083,-0.25766817,-0.03831625,-0.0004952589,-0.27519178,-0.8309026,-0.22183697,0.17326054,0.33942047,-0.11863256,-0.16145653,1.239379,0.14896011,0.32407835,-0.028919844,-0.13578758,0.10737735
30239,-0.5448049,-0.5381063,-0.16792189,-0.27960414,-0.0660241,-0.013925456,-0.34024242,0.64981925,0.09766052,0.016845332,0.9158608,0.669769,-0.41492426,0.27693713,-0.37516323,-0.1277552
30389,-0.23043643,0.2238584,0.13596402,-0.6735578,-0.42773893,-0.56639034,0.26021895,0.528332,0.47227293,0.38346678,0.7008883,0.47980115,-0.28282568,0.40630066,-0.092888005,-0.30583864
30624,-0.7401438,0.3699136,0.1362942,-0.8240669,-0.12682664,-0.48049858,0.5773675,-0.07041154,-0.21646006,-0.48436338,0.6201472,1.0465968,-0.50921065,0.5364437,0.05980833,-1.085648
31000,0.053924687,-0.31364098,-0.2560198,-0.23049392,-0.5036257,-0.4826533,0.4033083,0.15907812,0.4428621,0.34627202,0.7696695,0.48291653,-0.114002004,0.68245393,0.044686712,-0.36409184
35023,-0.28256434,-0.051331233,-0.1553657,-1.0699639,-0.10566132,-0.87658334,0.08013659,0.02006279,0.37293655,0.3301883,1.2891951,0.81528485,0.21972919,0.31057543,0.014941662,-0.2888399
35191,-0.60735637,0.21399716,-0.09153789,-0.43821216,-0.27743557,-0.18580824,0.16450295,-0.110728696,0.6264652,0.27513835,1.5037477,0.57455146,0.32741675,0.519995,0.53328335,0.22389792
35551,-0.26993927,-0.11374131,-0.078757346,-0.98885334,-0.11136315,-0.8033619,0.04610938,0.18882152,0.36034152,0.2370082,1.214648,0.767005,0.19972685,0.33815983,-0.12632525,-0.2982641
37946,-0.1687489,0.014416524,0.48979956,-0.7174501,-0.10534221,-0.57984805,0.17166819,0.57900727,0.46533543,0.4062431,0.05219523,1.1262814,0.3227642,0.9913323,0.4408314,0.50472397
39167,-0.39567247,0.0921178,0.1119497,-1.1315295,-0.27415615,-0.2867651,0.42196965,-0.014298119,0.12087972,0.077080406,0.6884686,1.2436473,0.33745632,0.37537795,0.13152987,-0.43181944
39467,-0.20789771,-0.09549903,-0.06047341,-1.0849451,-0.13174751,-0.7735622,0.084519796,0.031153722,0.3725462,0.2884521,1.2410315,0.75881875,-0.03601248,0.28282276,0.09911895,-0.27908558
45469,-0.32616284,-0.017341575,-0.06562528,-1.0433055,-0.21848567,-0.7889538,0.031081438,0.040077697,0.42751998,0.1898342,1.1522174,0.8070291,0.05345678,0.38631684,0.027460959,-0.24009968
47612,-0.3236048,-0.115472004,0.061835144,-0.60113454,-0.25563216,-0.32675865,-0.69299275,0.2537497,-0.63314915,0.6425229,0.7484779,0.9120301,-0.5630006,0.24189739,0.12503086,-0.25816497
51536,-0.27155232,-0.12724575,-0.1297235,-1.0672737,-0.19049592,-0.8092868,-0.07204599,0.14655134,0.480967,0.15322076,1.2345988,0.7528483,0.06453509,0.3012328,0.06079686,-0.34615648
53494,-0.18716408,-0.02841689,-0.06845666,-1.059744,-0.18107112,-0.79372835,0.022292035,0.11756797,0.48984548,0.123132825,1.1686767,0.72780114,-0.0062031467,0.33052662,-0.04342451,-0.3301157
55548,-0.2476452,-0.085409194,-0.117328905,-1.0212823,-0.10818491,-0.76433766,-0.020679211,0.07184759,0.46817857,0.1997491,1.2469175,0.8110557,0.10516745,0.29842758,-0.04956012,-0.31178313
32038,0.7697456,-0.37701476,0.515241,0.051022448,-0.54155403,0.0009920307,-0.18977621,0.23766063,-0.5965192,0.28254053,1.1734654,0.475567,-0.0662215,0.1687218,-0.24630165,0.052936364
6540,0.57555735,-0.44471335,-0.07477915,0.6576934,-0.67371464,0.13125244,-0.083689354,0.66310894,0.34100398,0.7788639,0.39430517,1.0302712,-0.5297449,0.4182633,0.24319714,0.11884774
26197,1.1583189,-0.45693284,0.23732963,0.43823978,-0.4226466,-0.35503542,0.42637664,-0.0037392827,-0.027544275,0.28859362,1.0074817,0.5751669,-0.12501419,0.6183291,0.49776378,-0.3709544
1522,0.41037947,-0.058077555,0.38449103,0.31813863,-0.087843716,-0.18513064,0.48967415,0.34848922,-0.7378221,0.128658,1.0751898,0.2814867,-0.21770369,0.057287257,0.36605528,0.052176498
682,-0.010945293,-0.43206906,0.22803624,0.09305079,-0.38965663,-0.07982737,0.18854797,0.37081397,-0.26793605,0.21706568,1.0198221,0.37928635,0.023733264,0.040058505,0.015071616,0.43291748
23275,0.03696815,0.05977621,0.06826125,0.6155697,0.4222973,-0.12423568,0.41639665,-0.10267687,-0.940471,0.02544365,1.046821,0.54135597,-0.74732256,1.1502662,-0.075028695,0.092710644
11613,0.5016969,0.08511475,-0.15622823,0.9711949,-0.84673756,-0.370451,0.23411451,0.66590405,-0.10768687,-0.20058922,0.4064037,0.8492085,-0.096540414,0.31717917,0.29535156,-0.7254268
30521,0.7923198,0.24391706,0.122522935,0.005419853,-0.37343562,-0.031300988,0.7363627,0.38526702,-0.7230826,0.6797498,0.8819476,0.13736783,-0.7017135,0.19597784,0.46645164,-0.28461352
8415,-0.7951446,-0.7589863,0.33304363,-0.31661087,-0.17722158,-0.1805558,1.3120944,0.64618534,-0.017833674,-1.1075717,0.3948865,0.8659421,-0.14473227,-0.098690525,0.1907965,-0.8220999
3671,-1.053883,-0.5508345,0.22960943,-0.40821066,-0.3330358,0.07381613,0.69427186,0.5500192,-0.2000764,-0.46632174,0.27276102,1.0381292,-0.38247496,-0.06311576,0.20837672,-0.81406456
5824,-0.9154822,-0.47546414,0.17984737,-0.2033978,0.017300645,0.22888991,0.94159234,0.27072123,-0.28397843,-0.61471385,0.33440349,1.1527182,-0.32356712,0.4898514,-0.24793328,-0.5719633
8155,-0.38902435,-0.74248785,0.3958496,-0.053761534,-0.23000246,-0.24338298,1.2046591,0.70613295,0.30475882,-0.93169993,0.6722318,0.2782992,0.1122854,-0.1811579,0.5125049,-0.053466644
64119,-0.6331683,-0.43045628,0.19681674,-0.21053343,-0.09310886,-0.46775234,1.0658503,0.47851807,-0.15806401,-0.8298691,0.33420998,1.2242193,-0.22690758,0.103157066,0.010203561,-1.3131166
5899,-1.086748,-0.6524112,0.3747042,0.114731506,-0.67891514,0.33052295,0.4006116,0.22993594,-0.2478572,-0.50682336,0.57030344,0.8617962,-0.28462586,-0.00692435,0.23023911,-0.6915812
5924,-0.6151353,-0.45135617,0.2492787,-0.65540534,-0.28877845,-0.09268383,0.9380982,0.50267756,-0.5039616,-0.11943759,0.24606475,1.1295505,-0.28860605,-0.36647794,0.05223899,-0.738525
22737,-1.0680641,-0.45829698,0.2074304,-0.33376858,-0.57757944,0.42004278,0.64409894,0.41082737,-0.51999027,-0.26830712,0.4448209,0.9786446,-0.573714,0.106189,0.00038147558,-1.1575595
30381,-0.96833503,-0.26012805,0.2853992,-0.4064677,-0.46859202,0.45172703,0.8422901,0.31756815,-0.19829972,-0.30259892,0.34016353,1.2288123,-0.33978653,0.16963139,-0.032812435,-0.9561783
36761,-0.9486522,-0.7632787,0.26735765,-0.3779893,-0.124692194,0.6713646,0.4681436,0.3892255,-0.3033339,-0.24334626,0.564424,1.2976167,-0.76348126,-0.15624224,-0.021673333,-0.958227
30649,-0.7257485,0.047619894,0.3215976,-0.48139548,-0.19772206,0.17006338,1.0031422,0.27730218,-0.25536698,-0.4820496,0.3050904,1.3232093,-0.16891058,0.45693398,-0.17891444,-0.9420365
30023,-0.66797966,-0.35529432,0.31953225,-0.1045244,-0.16485226,0.23460956,0.9416985,0.6292673,-0.0920952,-0.20514804,0.20365317,0.83124554,-0.6368493,0.59928197,-0.35771412,-0.4795163
64959,-0.9600773,-0.8493309,0.47152618,-0.20664456,0.35472625,0.83683485,1.0033504,0.41958413,-0.31562907,-0.27731863,0.75155044,1.2878513,-0.7776044,0.15418485,-0.05226541,-0.94998896
7665,-1.1790807,-0.25056842,0.36333752,-0.24660368,0.014519085,0.21720214,1.311521,0.46078303,0.5864838,-0.45489106,0.546716,0.73299396,-0.21855779,0.84687656,-0.29326716,0.19657578
4694,-0.6703197,-0.7217975,0.55178213,-0.008354867,0.34783322,0.7926678,1.1746303,0.1176361,-0.1810719,0.08395249,0.84875894,1.262949,-0.65854686,0.09730629,0.042073518,-0.77357656
22736,-0.66725254,-0.6326371,0.12846464,-0.094505504,0.08704351,-0.05668962,0.96065193,0.34003416,-0.64573514,-0.2952141,0.52579194,0.8657465,-0.45360762,0.34530124,-0.4056974,-0.27673677
36784,-0.57578593,-0.50465333,0.3527282,-0.17452088,-0.45602027,-0.58213526,0.76146203,0.59547526,-0.29688668,-0.29729217,0.26572812,0.72944796,0.23252608,0.5234048,-0.9138572,0.18449108
16428,0.34276333,-0.5887925,-0.26016515,-0.36475903,-0.69966745,0.68346685,0.30906534,0.61842257,-0.4541602,-1.0605977,-0.0049892287,0.63742584,-0.5248092,0.715737,0.3441296,0.061144
7352,-0.67173153,-0.50571865,0.4690216,0.13219367,-0.12370034,0.30740792,0.18126535,0.57195604,0.004207485,-0.12167759,0.46492112,1.0248568,-0.5518192,0.40281552,-0.6167827,-0.1354814
16787,-0.196001,-0.691461,-0.2809183,0.17112581,-0.06227395,-0.39716497,0.56243366,0.6513014,-0.3742426,-0.19841205,0.11501707,0.9930776,0.24362749,0.63875663,0.5483121,-0.48883155
69699,-0.7627205,-0.031725165,0.17116033,-0.4941285,-0.07725027,-0.21643324,1.0317423,0.2915342,-0.2455426,-0.8106931,0.47136062,1.2605108,-0.2813076,0.43285334,-0.13163891,-1.2740839
49734,-0.6673708,0.0009080335,0.2516969,-0.51848006,-0.28031498,0.47529227,1.2107638,0.024140425,-0.13936703,-0.1272186,0.38300025,1.4642279,-0.23645313,0.34573233,-0.1654443,-0.73394954
1359,-0.8615368,0.56653774,-0.14763144,-0.69408584,-0.14551851,-0.032075416,0.5643524,-0.16085212,-0.35588345,-0.1316155,0.6538054,1.2361295,-0.39565006,0.61153555,0.035260618,-0.6747087
64960,-0.73114276,-0.07876481,0.1470362,-0.6302317,-0.0733255,-0.25810742,0.97122854,0.2383704,-0.20213212,-0.68425965,0.4627667,1.2661896,-0.42949963,0.29270637,-0.1180902,-1.1889132
73131,-0.87307656,-0.91358334,0.5109218,-0.17040956,0.34215552,0.84212565,0.98946446,0.34573656,-0.24432123,-0.27568406,0.7580962,1.3747591,-0.79165316,0.18228227,-0.1791096,-0.920335
36971,-0.01782924,-0.7296723,0.07971286,0.14757696,-0.15276295,-0.37478065,1.0080376,0.8244261,-0.23745707,-0.6511143,1.2998704,-0.24917826,0.16677624,-0.26455176,0.4147208,-0.015958065
36951,0.18106015,-1.064623,0.08961298,0.009094314,-0.20804374,-0.4798239,0.7685497,0.8017655,0.75161207,-0.36012694,0.84262866,0.5719091,-0.041206256,-0.5153759,0.5193923,-0.119087666
6351,-0.20824705,-0.5276332,0.768697,-0.07549044,-0.31080085,-0.49929625,1.0346566,0.83149105,0.36243975,-0.8428577,0.47786057,0.42151088,0.1262405,0.06512813,-0.06953855,0.16740811
10484,-0.15602782,-0.54806864,0.17039005,0.7664021,-0.36576623,-0.8190309,0.3313847,0.5574626,0.028381635,-0.5897023,0.28429598,1.0848224,0.056371342,0.3769548,0.15497136,-0.98827654
30962,-0.21700855,0.20545861,0.49144688,-0.06005382,-0.80081517,0.0040495065,0.5570593,0.8872942,0.15833965,0.31849235,0.24721308,0.34161165,-0.57638395,0.55871934,-0.26493558,-0.09788739
5985,-0.15498312,0.14005148,0.3690957,-0.25300545,-0.7082176,-0.08720636,0.67011094,0.8715115,0.1820539,0.29943898,0.11423575,0.48091158,-0.47875422,0.557823,-0.21892299,-0.123285145
13644,-0.27210397,0.20432112,0.4072396,0.0071022115,-0.6939456,-0.0750327,0.463055,0.92770636,0.16703595,0.26376748,0.23816508,0.28075537,-0.54506266,0.662478,-0.20692088,-0.10852093
28100,-0.56607914,-0.40042013,0.40005827,-0.23584495,-0.5304583,-0.44228253,0.8802701,0.8630254,-0.21035771,-0.15799093,0.10102263,0.4671231,-0.04769856,0.72704256,-0.8566349,0.19854774
8403,-0.06860628,-0.46766543,0.35486516,0.22175467,-0.44190818,-0.08009979,0.15122427,0.65619516,-0.15369597,0.22832903,0.8134244,0.4786363,-0.2820433,0.2397582,-0.62585676,0.3155149
24919,0.3113669,-0.3206634,-0.27907428,-0.1975194,-0.32981348,-0.5698908,0.72689396,0.38088337,0.7458866,0.76129544,1.0178378,0.21496731,-0.28670576,0.744621,-0.16355118,-0.5801482
9084,0.0030933989,-0.18813872,0.5499523,-0.28442755,-0.8563975,-0.44231054,0.16591851,0.5418787,-0.03432831,0.03616,0.32108107,0.6580889,-0.136011,0.15311758,-0.13276173,0.46380103
31186,-0.37005424,0.2332364,0.35949677,-0.09804806,-0.6463528,-0.13750026,0.7267297,0.9553246,0.19402045,0.3498524,0.32727414,0.20343,-0.6245371,0.54460603,-0.2699675,-0.09796731
30179,-0.2772015,-0.29133055,0.25895295,-0.23980838,-0.30001706,0.7471094,1.5128869,-0.18377267,0.25326666,0.1701476,0.6108489,1.3458863,-0.45302913,0.1711237,-0.117463715,-0.52815145
12828,-0.24097565,0.113602385,0.34138393,-0.22377475,-0.58808994,0.048810236,0.6339701,0.8227327,0.13104647,0.30951497,0.26003084,0.29677212,-0.5277493,0.661311,-0.1906474,-0.17214145
1620,-0.091082186,-0.02978732,0.24586838,-0.082451425,-0.43870264,-0.4025889,0.60000455,0.7984477,-0.24988362,0.23627023,0.42074507,0.16936274,-0.48831043,0.4921345,-0.3034677,0.19272694
7178,-0.65569913,1.222452,-0.31498632,-0.18162704,-0.14197977,-0.028875181,0.5414508,0.49982804,-0.12327082,-0.0042037545,0.6275398,0.89758843,-0.6146305,0.6952823,-0.08136433,-0.02080267
30345,-0.6642698,-0.058935553,0.52456385,-0.18672138,-1.050219,0.1810165,0.30663696,0.37202471,-0.10898616,0.040697094,0.40567097,0.58665156,-0.9733649,0.17380631,-0.100868404,-0.9286133
30897,-0.3488703,0.1001018,0.3510085,-0.055146825,-0.6644965,-0.15107736,0.54531085,0.9038257,0.17578776,0.118589066,0.3111646,0.23903926,-0.5788505,0.5487115,-0.23221646,-0.21213603
28140,0.46474504,-0.16582932,0.1336701,0.9138647,-0.51225966,0.027855508,0.0834546,0.6772774,0.41489685,0.24892345,0.47057083,0.8708827,-0.65039974,0.4745387,0.60979867,-0.23726022
7867,-0.3106355,0.14757293,0.42447093,-0.13650109,-0.63221,-0.046928346,0.67952526,0.8963193,0.1687978,0.3307351,0.20894282,0.29384682,-0.63854027,0.6593625,-0.22338234,-0.07760402
5915,-0.24336484,-0.37744498,-0.7669851,0.08819714,-0.18376231,-0.6780496,0.4037738,1.2391263,0.095457636,0.54142004,0.23266499,0.682153,-0.7358869,0.11116011,0.2334363,0.0878129
29867,-0.1877527,0.3701275,-0.22172876,-0.50749964,-0.9969536,-0.32727686,0.40252742,0.75611436,-0.016396325,0.47268257,0.92838466,0.45488358,0.8005744,0.43658534,-1.1203545,-0.5832501
5962,-0.53447586,-0.46780628,0.16224904,-0.10407012,-0.9282384,0.06610612,0.82023585,0.10973023,0.69751847,0.07774016,0.9351295,-0.17181873,-0.706191,0.60214406,0.15851809,0.25407538
29385,-0.23063374,0.009705519,-0.09719652,0.14888765,-0.6231866,-0.24208933,0.4195381,0.87464803,-0.5769732,0.2263864,0.51600444,0.3544296,0.23973623,0.3113525,0.13367757,0.04948589
30112,-0.19330315,0.13565664,0.38837123,-0.23978803,-0.7260255,-0.1647479,0.6081548,0.8981432,0.2610966,0.36730805,0.20877868,0.34913972,-0.5209135,0.56205034,-0.1759377,-0.14826687
25254,-0.67511326,1.0569186,-0.11318078,-0.48979643,-0.14163068,-0.34182304,0.7017761,0.25965872,-0.17425708,-0.41679555,0.5485189,0.7923992,-0.7286561,0.64249134,0.08526822,-0.3905523
15895,-0.3837861,0.13265927,0.44491944,-0.15570718,-0.6690166,-0.12902644,0.648374,0.92854017,0.114008635,0.37363768,0.20350406,0.3741937,-0.5969744,0.55231696,-0.26011282,-0.21504141
29753,-0.19119346,-0.1088921,0.45969766,-0.028089,-0.27478835,-0.23682909,0.6094633,0.6785601,-0.25946566,-0.028774923,0.67128175,0.46369344,-0.17942473,0.0061607156,-0.07599438,0.675811
30399,0.092382185,0.3433035,0.7218655,0.6123685,-0.70402044,-0.068826586,0.059532028,0.72326356,-0.2303187,0.5959783,0.44242817,0.47639236,-0.52876055,0.4495436,0.57021004,-0.26350573
3698,-0.19896019,-0.08379152,-0.8509434,-0.19344707,-0.32489294,-0.46123284,0.08796013,0.9699441,-0.1682281,0.057443183,0.4158715,0.718469,-0.75669605,0.0020737906,0.05863883,0.3397703
30378,-0.7486612,0.845051,-0.25380233,-0.5600415,-0.4045551,0.13181356,0.28130153,0.050337188,-0.100026265,0.4249132,0.546705,1.3533889,-0.2168578,0.7250683,-0.13252717,-0.4224239
30221,-0.3102078,0.16709964,0.37757567,-0.12421365,-0.62706405,-0.0731213,0.7292812,0.8973973,0.12693362,0.30136752,0.24103807,0.31137702,-0.54768944,0.62228453,-0.19830245,-0.10018253
15,-0.014114047,0.41039255,-0.39706394,0.2149516,-0.81104624,-0.016653368,-0.34204233,0.91490895,-0.061377067,-0.008387834,0.28251255,0.7231901,-0.47472516,0.45575136,0.67090607,0.15367433
16581,-0.31406593,0.15167518,0.37131202,-0.07387846,-0.6878022,-0.105810076,0.6570776,0.90891016,0.24210218,0.31762737,0.30274048,0.23188722,-0.50664306,0.62291795,-0.24253441,-0.1734876
24844,0.09831151,-0.37947845,-0.46049896,0.35194296,-0.34715977,-0.3589322,0.33013624,1.0733523,0.1910023,0.85841554,0.28200454,0.76244694,-0.78853655,0.27859983,0.040525004,0.08850596
24861,-0.14139998,-0.40510923,0.5792819,-0.2865794,-0.40148294,-0.40199858,0.6430527,0.86214197,-0.59348595,0.3257441,0.25426632,0.3301556,-0.19674966,-0.08386365,0.49063402,0.26207948
298,-0.17356135,-0.16428569,0.31519538,0.6769414,0.42005774,0.024700081,0.865586,0.26582882,-0.32509026,0.47028804,0.98399633,0.19301592,-0.806337,1.1336776,0.10001943,-0.16620111
492,0.5359622,-0.08989268,-0.05747418,0.91845864,-0.425381,0.12581941,0.10990513,0.694481,-0.0056175627,0.14406294,0.43933204,0.94559467,-0.63361704,0.4233713,0.5730655,-0.12915513
578,-0.3290357,0.4993073,0.38733846,0.15610708,0.01735044,0.21830986,0.5846429,0.58430564,-0.035893757,-0.12594369,0.8906178,0.7121336,0.38938177,0.20133997,0.6031676,0.7750057
579,-0.27599728,0.042649273,0.36220145,-0.12512365,-0.7406864,-0.0995296,0.6256708,0.9304553,0.08733161,0.25293392,0.21144795,0.22616427,-0.65132844,0.5159019,-0.26413822,-0.14251165
868,-0.3108561,0.24225396,0.2815267,-0.15605241,-0.6696663,0.017816303,0.6860089,0.9152255,0.17986335,0.26665273,0.329778,0.2252357,-0.58981466,0.61908007,-0.22885865,-0.13106254
974,0.16611746,-0.21806708,0.20585544,-0.16776675,-1.0313102,-0.13436724,0.07533079,0.45849767,-0.43378824,-0.15166676,0.80777323,0.56132,0.05505705,-0.32587978,-0.50661075,0.2972111
1428,-0.2883002,0.51586396,-0.17195699,-0.3269404,-0.605478,-0.0035646388,0.68180287,0.63708895,-0.13050924,-0.3897286,0.3670574,1.0269663,-0.5584955,-0.24441151,-0.13491973,-0.5365309
1556,-0.32432774,0.41014072,-0.3457186,-0.6037479,-0.12064705,-0.16817686,0.45004416,0.56181496,-0.26689947,-0.5785052,0.48645654,0.39125407,-1.160847,0.26239407,0.9005307,0.78543156
2153,0.21372794,-0.46419215,0.63453335,-0.9107366,-0.55310833,0.53711593,0.2774456,1.1178181,0.088502295,-0.015682796,0.481823,-0.19534416,-0.33342695,0.85764915,0.38487446,-0.13097012
3221,-0.34706128,0.08434861,0.40585917,-0.049776457,-0.6982053,-0.13094522,0.56134176,0.79350966,0.17348114,0.21379448,0.2190236,0.3379498,-0.5223667,0.76094,-0.2176521,-0.16476212
3550,-0.2051527,-0.33161187,0.2712356,-0.099015646,-0.5842374,-0.6337304,-0.04580812,0.78721744,0.009627719,0.09600022,0.33233827,0.73004645,-0.11878224,0.17307411,0.09323015,0.28270063
4413,-0.598907,-0.064019635,0.038931265,0.29537076,-0.556735,-0.42611995,-0.1744257,1.1522421,0.19969651,0.03846687,0.23639372,0.42161757,-0.29223174,0.533058,0.91171896,0.12825221
4543,-0.5506703,0.3275566,0.76061994,-0.12947445,-0.6173192,0.3702572,0.027068594,0.1792689,0.43674427,-0.003448956,0.8458271,0.58880323,0.2008253,0.5435747,0.9083677,0.10354491
4591,-0.34997967,0.21531542,0.20584592,-0.18028931,-0.79730797,-0.04831523,0.61050755,1.0076972,0.07334161,0.3180952,0.14991659,0.3027333,-0.5182938,0.58911335,-0.27978808,-0.06940582
4595,0.007182103,-0.26077986,0.11692234,0.59278977,0.11071018,-0.067326404,0.9577882,0.3067293,-0.11603417,0.50750124,0.848548,0.10595674,-0.7419908,1.2364236,0.17064552,-0.26254115
4892,-0.73427546,-0.66122097,0.3518022,0.51841396,-0.5462971,-0.07447574,0.0687715,0.72334707,-0.21229438,-0.34161913,0.46002382,0.8526547,0.19238083,0.12767817,0.026243707,-0.5640451
5589,-0.28591973,-0.46318188,0.07037482,-0.23576201,-0.45501316,-0.4464405,0.6946672,0.93931395,-0.6650772,0.34504914,0.1777339,0.31115672,-0.0676808,0.10697882,0.46178642,0.2580067
5818,0.3582609,-0.28131238,0.4491315,-0.11543278,-0.55724305,0.4272123,1.4729995,0.026135294,0.35101512,0.54957086,0.407747,1.3883251,-0.49861827,-0.06766642,-0.50341237,-0.091663465
5822,0.27574837,-0.26247105,0.34611523,-0.23908652,-0.67588216,0.22107954,1.422828,0.3513947,0.3072819,0.63756025,0.4454151,1.1015177,-0.4308988,-0.3211585,-0.56964004,0.1386382
5878,-0.1579046,-0.1053165,0.98344845,-0.24152774,-0.7622517,-0.07304912,0.6757196,0.7799146,0.023674216,0.23817417,-0.060026977,0.5114767,-0.6254238,0.405689,0.16310656,0.56882876
5884,-0.454294,-0.22265927,0.12393826,0.21242975,-0.6703334,-0.516074,0.29581442,0.837112,0.17418906,0.35106346,0.44805717,0.28969637,0.10665635,0.49253574,0.6592045,0.17704886
5943,0.06389959,0.2417799,-0.35725582,0.33600622,-0.74905926,-0.086241946,0.2556772,0.87611336,-0.6841631,0.12984838,0.96102333,0.3313013,0.4698029,0.05260393,-0.38033727,-0.14113377
6083,0.4411876,-0.5250457,0.21464485,0.6030744,-0.030152353,0.039927606,-0.055438858,0.9687514,0.7442064,-0.22213733,1.0774233,0.7488136,-0.5313953,-0.14177309,0.044516582,-0.18648723
6715,-0.3642448,0.07589982,0.4807597,-0.0952892,-0.76392454,-0.052097462,0.7058932,0.96155846,0.14926812,0.37554172,0.28591478,0.22561403,-0.45602706,0.5062954,-0.27927908,-0.20210959
6823,-0.45419377,-0.049865805,0.47769314,-0.15716305,-0.006701074,-0.6193462,0.08346032,0.6882872,-0.25166985,0.4452989,0.52262825,0.28784806,-0.78639895,0.95328915,-0.33095574,0.093553655
7470,-0.313917,0.1656216,0.37192902,-0.06714227,-0.6980646,-0.13611928,0.649225,0.8610255,0.112039976,0.22447509,0.20337225,0.43900028,-0.4128931,0.6307711,-0.34698552,-0.10659115
7481,-0.28946427,0.23807895,0.3228654,-0.08824293,-0.6974337,-0.07785117,0.7494658,0.81830704,0.1727974,0.3013934,0.2747189,0.29150048,-0.63001525,0.6273994,-0.2668875,-0.09129787
7616,-0.35447067,0.20038262,0.48134148,-0.13893515,-0.664384,-0.08733654,0.6689718,0.9018362,0.14530326,0.2632409,0.17532593,0.3724488,-0.6415481,0.63389397,-0.32458776,-0.12701839
7960,-0.06468048,-0.01865771,0.785779,0.14137822,-0.8255585,-0.13846049,0.3651025,0.670484,0.1653229,0.2817126,-0.10139222,0.7542222,-0.64517856,0.47534433,0.5113691,0.37025082
7990,-0.27286416,0.14500709,0.7624145,-0.23456773,-0.45016712,-0.057995506,0.69316965,0.6479432,-0.13429023,0.18801457,0.4897926,0.58036333,0.076484896,0.048225258,0.33106166,0.8013604
8922,-0.35606796,0.2541334,0.41278994,-0.116132475,-0.65573037,0.039909005,0.72697604,0.913807,0.20999922,0.2353679,0.25605118,0.32813853,-0.57253677,0.5935859,-0.23393238,-0.10112687
8952,-0.14274931,-0.12902877,0.2513135,-0.024471408,-0.4231098,-0.31346804,0.7062696,0.7791651,-0.25952163,0.24966364,0.4547943,0.14285968,-0.4538049,0.45689252,-0.25468734,0.07833777
10139,-0.41982505,-0.046754785,0.90166175,0.219823,-1.0296667,0.2873136,0.24577865,0.15728065,-0.33673048,-0.508546,0.42780164,0.9082973,-0.73190135,-0.07970947,0.17698295,-0.8169916
10842,-0.30119947,0.14683646,0.38784298,-0.1029692,-0.70843136,-0.064770594,0.6390325,0.85079354,0.20930886,0.27758572,0.16922046,0.42837286,-0.6635223,0.61674184,-0.22553773,-0.110896155
11432,-0.28664184,0.16890913,0.3357529,-0.14449057,-0.71026576,-0.025246928,0.62287205,0.91167474,0.17378166,0.3206967,0.12809367,0.43141642,-0.56634474,0.6539569,-0.2909273,-0.017014299
11544,0.4806012,0.42015585,-0.05822458,-0.8919578,-0.3326426,0.7620086,0.067202374,0.65764195,-0.5348547,0.6232335,1.0924958,-0.021766363,-1.0305924,0.18469635,1.0144122,0.08537397
11593,-0.3505664,0.13553418,0.28956136,-0.057473477,-0.76471627,-0.029004203,0.75296193,0.87019557,0.08666728,0.37377378,0.22626038,0.33076775,-0.5748387,0.55732083,-0.34589484,-0.18153942
11678,0.17194897,-0.2959063,-0.20393792,0.23934501,-0.7363334,-0.08912225,0.817716,0.5291512,0.18701842,0.3678246,0.40596253,0.27213523,-0.3153068,0.8339911,0.10372723,-0.28825733
12038,-0.343536,0.19773258,0.35563418,-0.08619204,-0.60561836,-0.056926932,0.5767287,0.95616806,0.13204916,0.3712234,0.21100184,0.38251686,-0.6387564,0.6374128,-0.30460876,-0.16932926
17476,-0.3294363,0.073632956,0.4724065,-0.0950737,-0.62828195,-0.0018668035,0.6344928,0.8523471,0.09937204,0.36254936,0.25269705,0.2739101,-0.6077323,0.5666639,-0.097452864,-0.19311173
17793,-0.35445207,0.11063044,0.3504735,-0.15794383,-0.7338652,0.01764141,0.69014317,0.79943854,0.25781798,0.29127687,0.26376137,0.28564557,-0.5908544,0.6516333,-0.2178591,-0.12541333
18124,0.54003316,-0.55238473,0.56244874,-1.1730815,-0.52479744,0.7043559,-0.07356363,0.8835339,-0.0069561475,-0.3274135,0.7837224,-0.13248612,-0.28076902,0.8448512,0.7093485,-0.035318255
18528,-0.26948673,0.16419348,0.322896,-0.18002546,-0.74164593,-0.09477361,0.5541016,0.98402154,0.23624676,0.3119759,0.19315176,0.27609265,-0.64152753,0.682713,-0.26113203,-0.0906561
19228,0.19222346,-0.2564723,-0.15449367,0.18993358,-0.712444,-0.1832065,0.7840805,0.4433262,0.21753344,0.25830296,0.41411155,0.2954378,-0.2613545,0.83779377,0.21282601,-0.346799
22446,-0.44279,-0.3754565,0.60512036,-0.65355176,-0.657488,-0.32850957,0.27894652,0.7039823,0.85127294,0.2767687,0.6609391,-0.023130244,-1.4894578,0.38654155,-0.37852934,0.35476482
23510,0.06973672,-0.34055027,0.14691369,-0.30539978,-0.59172165,-0.18398374,0.85137475,0.38065034,0.018107451,0.13876016,0.6971307,0.8916058,-0.07160648,-0.6517417,-0.25320682,0.23923439
23818,-0.01738609,-0.18173875,-0.72769916,0.29797208,-0.53062457,-0.41600204,0.69858515,0.98515725,-0.33186784,0.42431197,0.5055847,0.39943966,0.17438057,0.42711043,-0.030852618,-0.14831251
23827,-0.6279337,-0.12880997,0.28661492,-0.065157875,-0.617222,0.022932528,-0.15288672,0.869546,-0.087344155,-0.01985318,0.5940312,0.008304231,-0.2785375,0.9869083,-0.28173092,0.1288839
23951,-0.17709158,0.41738605,-0.084643245,-0.35918283,-0.97295403,-0.23885293,0.4956067,0.95852226,0.114339,0.5129927,0.7381689,0.39113402,0.5035865,0.46893442,-1.0028541,-0.4949448
25198,-0.33980575,-0.5893726,0.3863692,-0.75927544,-0.5015342,-0.47841448,0.6777244,0.70018816,-0.9858753,0.4930877,0.12036594,0.3809285,-0.37533578,-0.19727962,0.4677018,-0.31424746
26711,-0.2876385,0.12631102,0.38376465,-0.084506325,-0.6568017,-0.07148673,0.65007985,0.8264175,0.26775676,0.33781207,0.2555435,0.34023613,-0.6866918,0.6339311,-0.34939015,-0.08315362
26866,-0.32875285,-0.27354243,-0.6505441,0.12085323,-0.17873083,-0.670255,0.6024906,1.1041946,-0.25076935,0.44494537,0.24370575,0.65495366,0.19660151,0.39131826,0.4033915,-0.010094858
27158,-0.8843383,-0.2361231,0.28185618,-0.3895888,-1.1342597,0.14536805,0.3651876,0.43699488,-0.7224306,0.1473797,0.33476427,0.41757846,-0.81961215,0.22430433,-0.0027951756,-1.2647043
27671,0.14251061,-0.37593767,-0.2473547,0.27710137,-0.67512506,-0.18738286,0.7045047,0.4905581,0.22669968,0.2889701,0.47601628,0.2557337,-0.3608663,0.84994155,0.1613526,-0.39252725
28496,-0.27082855,0.088558905,0.39946285,-0.1050244,-0.7066674,-0.053319596,0.6900118,0.9266236,0.0608546,0.30730778,0.17541975,0.2563896,-0.5847672,0.6197433,-0.2484057,-0.21384402
28892,0.067339994,0.5011047,0.19489217,0.11328628,-0.7360913,-0.52999485,0.28023773,0.7924804,-0.56146616,-0.88681096,1.1267292,-0.4158622,-0.33888155,0.20932813,-0.07280291,0.014737371
29400,-0.2428472,0.1836937,0.38581145,-0.072335154,-0.6882049,-0.119438164,0.77707183,0.9011336,0.17667827,0.2947263,0.3059756,0.19224612,-0.5782383,0.5238265,-0.2567827,-0.109270416
29505,-0.31897372,0.13375978,0.3168733,-0.0795696,-0.6313679,-0.11304703,0.61319494,0.9177284,0.055482812,0.29272774,0.2282496,0.34736922,-0.58928156,0.6367432,-0.36022684,-0.23665914
29544,-0.6710291,-0.034749717,0.13247508,0.23453608,-0.6477835,-0.23928735,0.11053193,1.2983376,0.16355115,0.017814688,0.01767637,0.3606398,-0.42477977,0.6533479,0.6266817,-0.018478708
29590,-0.31355897,0.034647726,0.33404234,-0.13023669,-0.62345874,-0.037068155,0.66524035,0.83348423,0.09407212,0.35725892,0.2562247,0.2460817,-0.513679,0.7488479,-0.21901499,-0.15053639
29605,-1.0927005,-0.06944656,0.34341252,-0.18015037,-0.068609335,0.19461335,1.2664454,0.5917358,0.5158271,-0.29659304,0.5191996,0.5375487,-0.3309676,0.89736134,-0.31789997,0.15223102
29616,-0.33757415,0.111422636,0.44137153,-0.13837537,-0.640285,-0.13026005,0.49346867,0.93704593,0.17908025,0.22934034,0.29653278,0.3040592,-0.5038329,0.5427252,-0.2485363,-0.21208742
29623,-0.31810394,0.06704903,0.3839055,-0.000842631,-0.6826288,-0.05103639,0.5234755,0.87825286,0.13053778,0.31406346,0.32290483,0.2825306,-0.5195778,0.6315795,-0.27973825,-0.19639726
29632,-0.9527143,0.16942449,0.088168204,-0.58346915,-0.78609467,-0.1136615,-0.062029168,-0.00052253983,-0.5815538,0.2514528,0.5478031,0.8515089,-0.5258941,0.33109245,0.12651643,-0.8921501
29634,-0.3706553,0.15290433,0.3985194,-0.1722628,-0.550164,-0.12599657,0.7299609,0.8894896,0.1212259,0.24015984,0.23731641,0.2776285,-0.5801248,0.5365694,-0.18849161,-0.13327807
29709,-0.5554952,-0.1597525,0.016367052,-0.06421725,-0.70922816,-0.53393865,0.76775956,1.100694,-0.15500759,0.06904265,0.057441916,0.030215196,-0.009812443,0.8877583,0.14167388,0.22018707
29711,-0.34849975,-0.15182394,0.3239038,-0.06721201,0.07848177,-0.63242203,0.14370169,0.6778691,-0.37645787,0.3140634,0.6625235,0.23200819,-0.77763397,0.7376183,-0.3557139,0.12318042
29720,-0.99494296,-0.11516289,-0.033023693,0.082456626,-0.9469062,0.30533916,0.44023353,0.042127673,0.6792089,0.04040128,1.1556994,0.15812196,-0.032322377,0.60435843,0.3351564,-0.10220194
29722,-0.5870183,0.24380319,0.18322808,-0.56071323,-0.57145995,0.060623724,0.78001726,0.28458184,-0.05549818,-0.005986212,0.19483772,1.2926153,-0.14706685,0.43100548,-0.14947003,-0.6589876
29759,-0.33010194,0.09981273,0.31216058,-0.08076382,-0.67956257,-0.124003336,0.6014665,0.911439,0.15015106,0.2556985,0.25606936,0.2728149,-0.5798767,0.59862363,-0.30765787,-0.20207483
29804,-0.29204637,0.071170785,0.38909295,-0.14805658,-0.65615654,0.0008566906,0.5564898,0.9851019,0.1227159,0.32626268,0.26825857,0.17690936,-0.61808676,0.62782735,-0.21906933,-0.19166404
29826,0.19091333,-0.27088928,0.34036374,0.009055765,-0.9147308,0.07847698,-0.09176995,0.32650805,-0.5946196,0.13901684,1.0704647,0.14474835,-0.07754779,0.32151905,-0.72200996,0.16671185
29878,-0.26248682,0.182099,0.43402967,-0.25296232,-0.68501157,-0.04680041,0.53742677,0.83660364,0.043529995,0.38958865,0.19551621,0.35162818,-0.5743838,0.6427044,-0.20737624,-0.12499935
29886,-0.3290817,0.16698505,0.3168629,-0.041098095,-0.70040727,-0.024004465,0.5672399,0.8914262,0.11357245,0.28374526,0.22299492,0.3303336,-0.60165423,0.6347229,-0.24601053,-0.1535355
29897,-0.6829264,-0.030444348,0.20633553,0.07809507,-0.6039577,0.061876185,-0.19008635,0.8241004,-0.014129577,-0.004820853,0.67641544,0.07957178,-0.30306718,0.97112685,-0.17204309,0.11794884
29935,0.41512296,-0.13027191,-0.2898342,0.7771575,-0.9304791,-0.10299263,0.38403103,0.7397162,-0.38018224,0.16188675,0.77647525,0.49362084,0.37917724,0.3404285,-0.22279343,-0.5326855
29980,-0.3766351,0.09802302,0.34343898,-0.11171282,-0.75555027,-0.17387426,0.5545867,0.8940479,0.20413087,0.32866362,0.30071375,0.29015338,-0.43494925,0.5490672,-0.25272194,-0.22767274
29981,-0.42905277,-0.00414213,0.38115108,-0.181895,-0.73511684,-0.10621108,0.62749857,0.93659943,0.19828358,0.2131111,0.20494327,0.23331495,-0.5417962,0.53901005,-0.15671948,-0.22624496
30008,-0.22383937,0.23460194,0.29847008,-0.058719467,-0.63271236,-0.10620514,0.7557609,0.8001412,0.22296119,0.31225547,0.27295646,0.33814475,-0.65439874,0.6658373,-0.1891084,-0.2090664
30028,-0.34946263,0.09563872,0.30652043,-0.19028303,-0.5796525,-0.072738595,0.64437085,0.96825165,0.1773419,0.32877302,0.25847024,0.28192514,-0.68117756,0.54142797,-0.18864462,-0.14145245
30040,-0.51352453,-0.12263577,0.297241,-0.47113833,-0.84082705,-0.4707183,0.7519703,0.6218628,-0.07853441,0.050069075,0.27369735,0.7022542,0.5367221,0.65800047,-1.0614752,-0.062319655
30053,-0.16721174,-0.42701384,0.3089207,-0.00012300408,-0.81999856,-0.14686845,0.17105895,0.6349887,-0.15964594,0.28989807,0.51746064,0.1974907,-0.41025442,0.6787589,-0.55074006,0.29836556
30070,-0.14470863,0.15418266,0.52343357,-0.71722084,-0.2891916,-0.55442274,0.36104205,0.66964895,0.5600727,0.5968719,-0.022902539,0.9479568,0.081180796,1.1029103,0.22461256,0.36675957
30103,-0.38511762,0.1736105,0.54607,-0.14923757,-0.7682109,-0.067971386,0.5902547,0.8653647,0.021315962,0.21314974,0.21992667,0.27646545,-0.5000771,0.62601936,-0.2507253,-0.27023295
30107,-0.35709602,0.594227,0.78738606,-0.29652068,-0.2829588,0.11405608,0.31855795,1.8850131,0.17573623,1.061375,0.27978304,0.5084936,-0.045926105,0.34138843,-0.049666204,-0.5113685
30113,-0.24577872,0.17112966,0.3607908,-0.104059264,-0.77013487,-0.11392384,0.65586835,0.7926199,0.05475151,0.32000464,0.18921451,0.25831813,-0.73899066,0.54769135,-0.11449858,-0.109571956
30114,-0.2623927,0.18769081,0.4056156,-0.09769733,-0.67254114,-0.07383097,0.6519709,0.77314645,0.16036995,0.42926306,0.33341327,0.2996735,-0.50307316,0.7164626,-0.19557345,-0.14217272
30143,-0.18984988,0.2605606,0.0021714917,-0.4132847,0.062683105,-1.2274234,0.19591075,1.1380365,-0.24582098,0.30839536,0.48169935,0.37643465,0.015364798,0.5317334,-0.04172349,-0.07762577
30149,-0.33952925,0.1834213,0.422725,-0.13651678,-0.76217675,-0.0034457196,0.6797598,0.8832249,0.11668539,0.33228773,0.1565907,0.31989893,-0.5260059,0.6350019,-0.16771528,-0.1311064
30176,-0.32795897,0.20261787,0.33294335,-0.09705934,-0.8184208,-0.07200037,0.64751965,0.9380523,0.048544582,0.17181668,0.23600058,0.254787,-0.53048813,0.47730687,-0.26430693,-0.20509765
30183,-0.3335088,0.19940382,0.43301913,-0.1509441,-0.6357651,-0.17263538,0.58662593,0.8840416,0.12162871,0.34138384,0.25726557,0.26632166,-0.633301,0.68737984,-0.20171608,-0.18964103
30195,0.042213794,0.12451744,-0.44896486,-0.27546927,-1.0251584,0.8280898,0.09884684,1.1440841,0.03903154,-0.22743665,-0.04506376,0.8611704,-0.6581981,0.601035,-0.33367965,0.30137387
30267,-0.42572677,-0.3455834,0.02940282,0.030783745,-0.4983103,-0.82676023,0.53133994,0.8625392,-0.24270345,-0.052883923,0.29968917,0.14222014,0.17445837,0.71960914,0.11940059,0.36147326
30316,-0.2842159,-0.8551558,0.56030256,-0.78009915,-0.64728665,-0.50288254,0.33530614,0.68041176,-0.49957648,0.29917097,-0.005337073,0.41400546,-0.7697029,0.051589627,0.3200561,0.37085673
30431,0.2700891,-0.41537607,-0.06530629,0.2271732,-0.7773478,-0.064501874,0.80835974,0.5416966,0.3097412,0.32289547,0.42541718,0.24710238,-0.29983526,0.7943343,0.20150253,-0.30041215
30471,-0.7615626,-0.06781937,0.272141,-0.28191954,-1.1581641,-0.002521604,0.45255786,0.6140092,-0.5557895,0.32214665,0.27740592,0.28111908,-0.897195,0.30494672,-0.069275334,-1.1605357
30514,-0.41677898,0.60884285,0.6966232,-0.24342847,-0.28692952,0.032094676,0.35870808,1.8728906,0.14461675,0.95716417,0.23162405,0.4464684,-0.19090204,0.3993123,-0.011625415,-0.47489572
30571,-0.23311782,-0.4508339,0.19075467,0.20430045,-0.52485025,-0.12883954,-0.024779819,0.7438896,0.1362074,0.42916724,0.41197914,0.878833,0.13424964,0.27032214,0.2764454,0.2802379
30603,-0.17639458,0.160983,0.40828532,-0.034520585,-0.66978633,0.022122895,0.5553748,0.8967947,0.13908494,0.3930193,0.31783423,0.33644018,-0.5644627,0.45796007,-0.15332378,-0.20215498
30627,-0.3760294,0.13334829,0.4050543,0.0012044802,-0.61823833,0.004442229,0.65562785,0.9222917,0.20967753,0.24721663,0.30004573,0.28906128,-0.52782094,0.6805509,-0.19209586,-0.012625049
30658,-0.2290078,0.50601566,0.65999323,-0.23973662,-0.28405392,0.022746984,0.23395006,1.694488,0.08412598,0.9849024,0.29809406,0.5054359,-0.005476391,0.33206594,0.122767314,-0.36874178
30659,-0.25374556,0.12706183,0.30138022,-0.10437657,-0.741603,0.024217233,0.5754136,0.90141433,0.21275817,0.24509045,0.18003097,0.29813886,-0.6530323,0.56499875,-0.1315033,-0.1986854
30674,0.17616908,-0.49936607,-0.20048933,0.23026106,-0.5186025,-0.30529237,0.7177543,0.5392699,-0.02644438,0.29142588,0.529896,0.22851232,-0.3923611,0.6538971,0.017389506,-0.009574219
30710,-0.34463996,0.048400085,0.37117645,-0.09281736,-0.69382185,-0.12779391,0.61291856,0.8292853,0.07626301,0.38230208,0.23270303,0.2708757,-0.5746341,0.59288985,-0.16794953,-0.11127675
30800,-0.6660216,-0.07205861,0.29927763,0.023106577,-0.6660828,0.10330087,-0.12701641,0.8332142,-0.0516571,-0.14195068,0.63157827,-0.021764915,-0.39977217,0.9513389,-0.18696141,0.09096334
30814,-0.30477774,0.07916505,0.25238723,0.013977472,-0.7495043,0.08009463,0.6912212,0.9059585,-0.028011609,0.15311007,0.2230454,0.24687546,-0.59777415,0.57383966,-0.20743246,-0.14081168
30852,-0.3409363,0.16903023,0.33789718,-0.16017915,-0.6235109,-0.093981214,0.7226778,0.9452453,0.19099542,0.15689068,0.23512451,0.23568328,-0.6053455,0.5847182,-0.04842595,-0.233861
30861,-0.26982066,0.17990825,0.4882579,-0.08916787,-0.63275343,-0.06934174,0.72273636,0.91985536,0.18322182,0.36521366,0.25702608,0.2529313,-0.59416556,0.592622,-0.14819781,-0.06592344
30864,-0.42898247,0.06550997,0.33673686,-0.22188637,-0.6143116,-0.08895271,0.77434045,0.890407,0.095539555,0.3364196,0.20128857,0.2706767,-0.62942976,0.5987044,-0.12436699,-0.28320685
30878,-0.38717407,0.1361312,0.35195684,-0.18171114,-0.73206186,-0.09541165,0.65302044,0.9528409,0.13340156,0.32287997,0.23172665,0.31106564,-0.5624627,0.59079987,-0.30823135,-0.09120805
30882,-0.25155982,0.15161875,0.44794688,-0.15215817,-0.65481645,-0.15250148,0.516957,0.9421081,0.14877698,0.30182195,0.194526,0.36045215,-0.48081937,0.62690675,-0.21039852,-0.18188068
30939,-0.35078222,0.20451476,0.3258341,-0.19601068,-0.69573593,-0.08625875,0.58895534,0.90319455,0.17697105,0.3638907,0.22246982,0.33939356,-0.6408636,0.61469626,-0.2258867,-0.13167855
30997,0.0431431,-0.47225735,0.099898845,-0.5356825,-0.16583617,-0.21434405,0.42451957,0.6760775,-0.29479128,0.41553292,-0.10432952,0.9813052,0.5479745,0.8986103,0.90009916,0.3561812
31015,-0.3293854,0.12468726,0.44506776,-0.008831961,-0.8073245,0.081970476,0.64058506,0.86171484,0.14641896,0.3360229,0.30440888,0.26892698,-0.52664644,0.5289725,-0.21834652,-0.20477088
31063,0.16539663,-0.27713108,-0.1164335,0.4113965,-0.6555691,-0.03657149,0.8391715,0.5477977,0.24390405,0.15031211,0.46468377,0.31213045,-0.2658952,0.835415,0.16100046,-0.42103595
31097,-0.25621465,0.12653221,0.42460188,-0.0927802,-0.75595737,-0.10556254,0.62135,0.855508,0.17559071,0.24570219,0.25764346,0.25747743,-0.6896207,0.5685686,-0.24256581,-0.09201337
31104,-0.28271142,0.082530335,0.4171058,-0.21451898,-0.72018385,-0.112480566,0.64493287,0.83438134,0.15725084,0.31064326,0.13851795,0.3550878,-0.56349474,0.6221926,-0.1828773,-0.18697147
31117,-0.29500264,0.17376904,0.7306716,-0.09829792,-0.8028408,-0.043112345,0.5757941,0.7386017,0.046895772,0.63094693,0.6248968,0.31079865,-0.03677527,0.07188675,-0.16054152,0.120668486
11428,0.37412363,-0.9067331,-0.350076,-0.65405357,-0.21548064,0.13674778,0.1885512,0.22774355,-0.45797953,-0.2443432,0.11168434,1.1868165,0.4846976,1.1571125,0.7550997,-0.11566406
23109,-0.062222116,-0.6799012,0.28099966,-0.45586902,-0.37281612,-0.11927576,0.34111646,0.1947332,-0.62257683,-0.18788642,0.011127075,1.1896058,0.63751745,0.8034892,0.55890304,0.27761692
27921,0.40663666,-0.45826924,-0.66941726,-0.13776311,-0.4450061,-0.9554464,0.6352321,-0.19497284,0.6624071,0.32581246,1.3378973,0.4904471,0.01473715,0.7779837,0.37910804,-0.7406294
35357,-0.58070195,-0.7342168,-0.03559103,-0.16078055,-0.8608167,0.12329027,0.68688893,-0.1172473,0.5598351,0.023899073,1.1035522,-0.08323815,-0.45866928,0.5442083,0.3716051,0.34293798
37392,0.5889493,-0.9868269,-0.48023564,-0.12468467,-0.35087362,0.061152335,0.44310093,0.1973642,-0.20827107,-0.09898815,0.32101002,0.97189873,0.3393541,1.2782433,0.6854529,-0.26538774
35126,0.7363495,-0.6077382,0.09861227,0.28065422,-0.477321,-0.16434747,1.0527632,0.08828496,0.11567304,0.44866863,0.53532207,0.83590186,-0.2328972,0.57982165,-0.15532885,0.29083204
37294,0.64786637,-0.7775057,-0.54254556,0.45299447,-0.55544174,-0.17847753,0.65237325,0.3239739,0.18480596,0.08032607,0.8317018,0.41752613,-0.059331503,0.8595959,0.5337602,-0.29952946
37390,0.39722723,-0.8992402,-0.97169137,-0.7405254,-0.1984516,0.12465187,0.034712162,0.18249218,0.21947727,-0.19375181,0.75844586,1.0356553,0.24189898,1.0540539,0.4628097,-0.14575353
37395,0.5876378,-0.8184792,-0.4652513,0.4693985,-0.5344482,-0.1184285,0.70408976,0.30878016,0.27622813,0.23559491,0.8286098,0.33900687,-0.20275302,0.9273593,0.6219923,-0.38825798
37184,1.0164824,0.010306836,0.31273183,0.5525816,-0.3304654,-0.78192335,0.6209454,0.15759398,-0.11149104,0.0118943425,0.83251494,0.45096818,0.51114696,1.1920428,0.5124942,-0.22529584
26347,0.52745754,-0.8187831,0.02997655,-0.06912898,-1.3728929,-0.63159966,0.45109048,-0.07082066,0.33880427,-0.076043546,0.5201199,0.034984514,-0.6707482,0.7438216,0.35527107,-0.052984267
37368,0.57811445,-0.5944158,-0.26877865,0.73111695,-0.68411064,-0.038377963,0.2459902,0.45748308,0.49978396,0.62960744,0.56810147,0.83466685,-0.3513702,0.81253046,0.30491075,-0.13698368
28057,0.60266346,-0.7088318,-0.5690733,0.46636817,-0.6116755,-0.1692926,0.6731043,0.2468683,0.25220656,0.12214193,0.7993998,0.47522563,-0.09061085,0.9003319,0.5331789,-0.4320597
1746,-0.10454958,-0.1306138,-0.30709282,0.37910694,-0.5638169,0.060345814,0.60217893,-0.06345529,0.59261775,0.19710271,1.2293209,0.4039305,0.25717568,0.8558828,0.865333,0.05225145
37316,0.5479509,-0.70428914,-0.57046354,0.5316512,-0.55201626,-0.21363007,0.72783905,0.2303057,0.30942765,0.088524036,0.93387294,0.43276784,-0.20429851,0.84645957,0.6266272,-0.41527936
37444,0.5807079,-0.6617819,-0.5818658,0.49624342,-0.69980454,-0.10172442,0.62002045,0.2659586,0.23930614,0.07787264,0.77040094,0.37286955,-0.09949521,0.9846088,0.6024908,-0.35409132
10492,0.60418123,-0.76049596,-0.5188925,0.42022142,-0.6521595,-0.14861548,0.668022,0.28524005,0.3328199,0.122666374,0.795827,0.37497336,-0.038225107,0.9975796,0.6124487,-0.2363709
27562,0.6538949,-0.689315,-0.59019095,0.46462825,-0.6995932,-0.29270917,0.67764866,0.28366008,0.2737108,0.15834673,0.77582073,0.37754676,-0.10238273,0.9477046,0.51644695,-0.24470495
11617,0.33754978,-0.6548586,-0.37122864,0.34603313,-0.36310428,-0.45741433,0.98673254,0.75747496,-0.12941258,-0.6276927,1.3948393,-0.28439122,0.097087756,-0.103296526,0.56243724,-0.27330935
37402,0.66103566,-0.7300861,-0.5156773,0.5060204,-0.55983305,-0.2846513,0.82244235,0.31533402,0.26333988,0.20045324,0.8514544,0.2892739,-0.21622273,0.8757996,0.60797095,-0.28450453
6720,0.6515,-0.69824475,-0.5658452,0.4154751,-0.5513645,-0.13622692,0.6325444,0.30108306,0.22271323,0.17711365,0.8535747,0.39076683,-0.14528328,0.92741704,0.5842115,-0.38111335
37243,-0.5098252,-0.9099712,-0.343477,0.3821635,-1.0104761,0.07511929,0.30673665,-0.09776845,0.4932486,-0.042128485,1.2125239,0.14932454,-0.07693836,0.7963044,0.5024458,-0.55603105
4938,0.34831515,0.050303724,-0.6567672,0.77346975,0.024472848,-0.025387708,0.39581308,-0.0041278475,-0.504021,0.01728395,1.0545939,0.71116364,-0.610319,1.087533,0.13721581,0.069965206
37267,0.5750984,-0.7069332,-0.48506114,0.52549416,-0.59626746,-0.18483378,0.7560297,0.26693416,0.2597891,0.117696606,0.82736075,0.38571358,-0.008462617,0.9282392,0.49721453,-0.36178145
24970,0.89728194,-0.12709336,-0.4591898,-0.26523128,-0.33673385,0.42924455,0.7535776,0.42989135,-0.8508354,0.8396495,0.98948413,0.12098632,-0.6842673,0.16676547,0.70554787,-0.10315623
37299,0.52504927,-0.84385467,-0.5951388,0.41185135,-0.63798547,-0.16752627,0.7128887,0.2714221,0.23246947,0.09045379,0.8727514,0.21605954,-0.25305685,0.95517415,0.5877712,-0.32933655
37264,0.54308164,-0.68425655,-0.5374846,0.5598391,-0.6835776,-0.15401003,0.75332433,0.29601276,0.141604,0.10981933,0.7895473,0.34066206,-0.13037376,0.85750943,0.52473503,-0.4200664
4679,-0.23540077,-0.13164623,-0.19328439,0.10808772,-0.28980985,-0.082447655,0.52666926,0.72864,0.08993232,0.400307,0.40880495,0.76764846,0.6152756,0.6191833,0.91649073,0.43637675
883,0.6425004,-0.7729709,-0.54911083,0.44055074,-0.53014225,-0.17956752,0.70698875,0.29085138,0.3710206,0.15735468,0.77071035,0.48320985,-0.14648247,0.9389576,0.5913706,-0.29771078
24304,0.5228974,-0.7803111,-0.48927048,0.47409895,-0.5694668,-0.048937786,0.67147154,0.27972287,0.24260026,0.2545183,0.7845255,0.40031067,-0.029327441,0.9654649,0.521572,-0.36287883
5238,0.23209062,0.22578195,0.09111927,0.1353637,-0.36366123,0.20364733,0.8484658,0.26392043,0.008747468,-0.2515841,0.97899276,0.66170233,0.13758926,-0.012877296,0.31053087,0.68965465
4933,0.39312413,-0.13401397,-0.99171233,0.5487374,-0.43224883,0.22063528,0.3000047,0.23447557,-0.06765808,-0.17895576,0.9325934,0.6185149,-0.4403596,0.85754395,0.45687786,0.104547195
23045,0.8999977,-0.46706268,0.098163165,0.58824277,-0.6547983,0.1397661,0.78524274,0.16172594,0.4910866,0.6758348,0.44001055,1.1399567,-0.43079865,0.62075883,0.04853312,0.18682776
35367,0.6624038,-0.64346904,-0.52924216,0.3978068,-0.6545089,-0.17789215,0.69417197,0.26566136,0.17518792,0.20714502,0.83794063,0.3218474,-0.032725465,0.8869297,0.636884,-0.28313473
37387,0.015091029,-0.3247255,-0.83842254,0.26844463,-0.6484289,-0.087129116,0.2607182,0.2578238,0.111538835,0.3442103,0.8966553,0.61875457,-0.033580516,0.52518666,0.5024121,-0.15168218
37185,0.33961388,-0.4148706,-0.17279807,0.8837511,-0.6098907,-0.54727894,0.4384988,0.53052735,0.17959645,-0.45874608,0.42436695,0.88553345,-0.051067963,0.61062974,0.34134662,-0.9826637
8478,0.4332496,-0.87850976,-0.24469693,-0.8812821,-0.23568217,0.38794005,0.25582147,0.3642106,0.25009632,-0.36332962,0.848021,0.42259875,0.39984226,1.2555627,0.82535124,-0.047138132
25808,0.6272771,-0.7125361,-0.5830133,0.40527135,-0.7039675,-0.20797047,0.763656,0.19945386,0.23487203,0.16598366,0.8284282,0.40831387,-0.13847703,0.8782667,0.69995695,-0.33267015
4572,-0.258876,-0.38728368,0.6670082,0.53771174,0.4108703,0.11704266,0.5450388,0.274021,-0.18053012,0.3049895,1.0769988,0.56727695,-0.40055704,0.2654948,0.5219626,-0.12438282
37378,0.14881046,-0.6446493,-0.4689184,0.915693,-0.41731766,0.004052409,0.041237444,-0.02759528,-0.19186305,-0.21893275,1.2854167,0.21840313,-0.36849877,1.4848158,-0.05264579,-0.0076880706
37314,0.59081453,-0.767346,-0.5074333,0.35313225,-0.5896395,-0.26377016,0.7306936,0.21880995,0.30477604,0.1739682,0.80536807,0.3702778,-0.15840054,0.92753685,0.58951086,-0.2172254
1783,0.17579062,-0.34814867,-0.9842126,0.2881105,-0.5380937,0.13956891,0.4184713,0.30201843,-0.41636646,-0.023382459,0.6269044,0.74169683,-0.26009715,0.5722778,0.52932036,0.38815337
37423,-0.0066025336,-0.46244812,-0.048062615,0.018976873,-0.56397676,0.7654814,1.4792992,-0.35203055,0.44374567,-0.051719848,0.881788,0.9038204,-0.07274544,0.35599303,0.3425505,-0.16975208
37357,0.68087775,-0.74949896,-0.5332436,0.4606082,-0.6149596,-0.26326722,0.6818417,0.28215575,0.23366886,0.039193153,0.8075874,0.3251085,-0.120974,0.9461969,0.57071346,-0.26921454
37275,0.037745606,-0.59773105,-0.41065082,0.34414133,-0.5547957,-0.22237462,0.791403,0.37363133,-0.19683081,-0.039454106,0.46465105,0.4418084,0.11508339,0.74395764,0.84577197,-0.018183224
26035,0.56342584,-0.7821843,-0.5647803,0.48287255,-0.6311267,-0.18317288,0.7338955,0.25384352,0.2820361,0.16853444,0.8469987,0.37130103,-0.18515235,0.82858574,0.52065,-0.4122237
22728,-0.38170356,-0.74007225,0.4297464,-0.758943,-0.4548144,-0.44055542,-0.09213501,0.32270324,0.48200098,0.12929213,0.9195356,0.14134309,-1.0701295,0.43402693,0.41800976,0.77697414
24787,-0.44380337,-0.0038432078,-0.129781,-0.85674435,-0.25494695,-0.29817057,0.10849229,0.48138565,0.18702514,-0.3056241,0.68696886,0.20547587,-1.3612149,0.34169754,0.85152143,0.9152757
522,-0.42918187,-0.39728042,0.62067777,-0.71239805,-0.70673114,-0.27341306,0.08304999,0.66179276,0.84674746,0.26417094,0.7313067,0.0008275634,-1.5638531,0.38948086,-0.33640718,0.43770763
4928,-0.015487526,-0.54131705,0.28446484,0.28304252,-0.20185685,0.1816148,-0.43158522,0.5780871,-0.007965301,0.03019592,0.9097916,0.8133418,-0.274203,0.24861865,-0.45371926,0.46637958
56962,-0.37459344,-0.7162575,0.49450186,-0.890653,-0.4276523,-0.37125525,-0.090088494,0.2028344,0.4670434,0.22154064,0.9683908,0.1429587,-0.99303,0.4776911,0.25383878,0.7364246
57103,-0.4579085,-0.9806024,0.55483896,-0.8042142,-0.6354622,-0.55678487,0.18349035,0.6294647,-0.22179683,0.15107998,0.22957465,0.23546983,-0.8458312,0.16173694,0.2785017,0.634855
39397,0.2636934,-0.5202784,0.32958418,0.02122613,-0.5568426,0.032965347,0.028919997,0.46846762,-0.6566683,0.26170895,1.1362022,0.4317805,0.098860666,-0.14490077,-0.37537515,0.16999556
36580,0.46067128,0.1635265,-0.075203985,-0.19985375,-1.2320131,0.046188667,0.05845172,0.8499601,-0.44857085,-0.6528735,0.73821676,0.86467856,-0.22244759,-0.7881243,-0.45300004,0.21407911
36674,0.42640895,0.10872473,-0.07032663,-0.2730783,-1.2819369,0.035950873,0.10146712,0.88211083,-0.48969418,-0.61643136,0.76416636,0.8922248,-0.19090967,-0.87405574,-0.50370467,0.1258605
2412,-0.02331352,-0.4761272,0.011177374,-0.30901048,-0.4248632,-0.25649768,0.09066175,0.34402013,-0.55853134,0.17454854,0.8571349,0.723294,-0.04338445,-0.047063403,-0.5250355,0.4252226
49964,0.05990195,-1.033707,0.09968614,-0.63361484,-0.66334254,0.045288827,-0.122029506,0.109964535,-0.60981774,-0.46768475,-0.10039182,1.2173764,0.26351777,1.1381309,0.39861915,0.22359194
6338,-0.13496257,-0.4272382,0.29546958,-0.15618089,-0.011789327,-0.7885208,-0.39423952,0.6180277,-0.58441424,0.075371906,0.7357021,0.6304064,-0.12021537,0.45630977,-0.3263277,0.25644484
51637,-0.64582783,-0.3295865,0.09800524,-0.016870325,-0.6432895,0.025648102,-0.8147235,0.7590321,-0.17711699,-0.3837533,0.9962819,0.0057212804,-0.13012515,1.0116322,0.13523644,0.3297344
47674,-0.23169869,-0.5225219,-0.07945671,0.66093564,-0.31111524,0.17266287,-0.58762425,0.34554428,-0.210558,-0.20301881,1.1877619,0.4322132,-0.45682898,1.1594371,-0.52195287,0.3804921
63384,0.31707597,-0.49833024,0.2345858,-1.0995736,0.19646014,0.5048258,-0.060189087,0.7751532,0.11508678,-0.6500008,1.4817419,0.07301491,0.46953607,1.6477194,0.27931654,-0.0972841
37711,-0.6357889,-0.6280585,0.3033056,-0.112588905,-0.52488995,-0.22686994,-0.3521971,0.87408894,-0.27324334,-0.38615954,0.6281911,0.16838539,0.026699133,0.6070453,0.1526159,0.44427928
10988,-0.28679037,-0.47700363,0.09328533,0.36178377,-0.031087333,0.26355955,-0.39220858,0.96514064,-0.12504086,-0.1476771,1.3043822,0.6558994,0.08854087,-0.20462725,-0.11061369,0.108250976
15990,-0.7591271,-0.26000476,0.20623611,0.06383483,-0.532808,-0.012926263,-0.7453317,0.71896255,-0.21015935,-0.4134314,1.1259416,-0.042783227,0.013532938,0.99486375,0.14972106,0.22126274
6639,-0.65369034,0.12914395,0.6026815,0.3232598,-0.11903259,0.4453309,0.1720731,0.31812915,0.07067086,0.10133253,1.2208779,0.4414079,0.18498649,0.5111211,0.7597117,0.36383873
3464,-0.82888186,-0.3496596,0.10732857,-0.06164518,-0.64572096,-0.012937129,-0.6663915,0.6986174,-0.30284053,-0.4619611,1.0452666,-0.07258033,-0.028688196,1.0664749,0.018055072,0.22007784
22,0.09939375,0.20805609,-0.8156512,0.3762164,-0.21634004,0.31566668,-0.049695194,0.26813745,-0.37899268,-0.31774655,0.75982565,0.98603284,-0.5835971,0.6454061,0.24127018,0.44965684
4942,-0.11973145,-0.3945334,-0.29592595,0.80760473,-0.21573861,0.052882586,-0.28528363,0.072769605,-0.39959365,-0.25627548,1.1938504,0.39193892,-0.5283122,1.3004729,-0.27865985,0.33688664
63355,-0.16923782,-0.052355517,-0.22146133,-0.24685287,-0.7183334,0.38169998,-1.1451613,0.7669379,-0.32175276,0.13103913,0.84538746,0.42904282,-0.32936138,0.84956014,0.41268647,0.18438283
54088,-0.7427625,-0.29217654,0.14729781,0.10123604,-0.5606007,-0.035096727,-0.7026602,0.74607974,-0.22876279,-0.34597734,1.0150329,-0.10486898,-0.12917243,1.0717236,0.026369594,0.19830032
46713,-0.6927858,-0.23407003,0.24785532,-0.016065113,-0.5485107,0.042669527,-0.68289226,0.7724613,-0.3115979,-0.31228873,1.0465733,-0.1355569,-0.12101061,1.0451157,0.23987831,0.25827587
28303,0.5812369,-0.49347767,0.16122922,-0.55876726,-0.09386768,-0.13195315,0.1120529,0.8553545,-0.8699089,0.6241779,0.34161496,0.6826332,0.2918845,0.2833891,0.94557434,-0.0044720666
11870,0.061311245,-0.037369456,-0.2089584,-0.019305687,-0.38226178,-0.48727491,0.59891665,0.8595157,-0.46696195,-0.7394394,1.4690979,-0.26601198,0.04441122,-0.42871836,0.2959738,-0.08068733
24345,0.34859732,-0.2639389,0.4329856,-0.057135236,0.053106192,0.1817667,0.13578203,0.7409337,-0.9865946,0.5659023,0.9088318,0.3939268,-0.29104197,-0.036222663,0.49694723,0.13322629
36349,0.13155195,0.5904901,0.8496114,0.0668806,0.18573058,0.20525362,0.34481055,0.75265425,-0.5227087,0.15187547,0.883055,0.9609117,0.9434575,0.62532645,0.3741636,0.47962493
50321,0.8328414,-0.39981312,0.34769446,-0.6735786,-0.8528778,-0.5561124,-0.48538944,0.63954836,-0.22703706,0.21022528,0.43373147,0.7950008,0.44311842,0.26225942,0.5249251,0.016346605
5605,0.24507299,-0.6802365,0.60936356,0.049239796,0.041328184,0.15303056,0.24001348,0.9286119,-0.43132257,-0.027353605,1.1112372,0.08941472,-0.018845322,-0.29255292,0.53306484,0.2233153
5615,-0.27627304,-0.44033277,0.15931419,0.54139745,-0.3267048,0.17285281,-0.13918246,0.9685547,-0.5600611,-0.20144495,1.00526,0.66307884,0.56047404,-0.041306246,-0.25717187,-0.16585797
2245,0.03765347,0.618364,-0.26075163,0.016739074,-0.5767773,-0.45208994,0.49518198,1.0279139,-0.76571804,-0.8326131,1.328327,-0.18349352,-0.019877179,-0.23886003,-0.11204145,-0.08106847
35225,-0.03388428,-0.044806022,0.4214551,0.2874205,0.1478703,0.13195355,0.2838998,0.3484012,-0.66385984,0.2721186,1.1731215,0.49703366,-0.19026278,0.34582934,0.1159119,0.49913225
3526,0.21285984,0.20049909,-0.7395319,-0.19778678,-0.3581168,0.28306028,0.1845197,0.37080634,-0.6104636,-0.4400567,0.7890481,0.89886665,-0.35848618,0.16688488,0.14170481,0.73563915
3480,0.56182957,-0.39904037,0.1874429,0.30897734,0.15388472,0.14007676,0.16701657,0.6518535,-0.8408174,0.10747545,0.63295037,0.7227083,-0.5294877,0.22409728,0.49429283,0.36971027
378,0.34596324,-0.22856128,-0.9520662,-0.3481235,-0.4550624,0.21508501,0.15280396,0.34797287,-0.6695253,0.097445376,0.8364663,0.6444414,-0.45267233,0.18442135,-0.03663001,0.5880667
1236,0.30586153,-0.21034941,0.0039651683,0.43549216,-0.78694975,-0.04700548,0.24853182,0.646303,-0.6817284,0.23342615,1.0015004,0.41227993,0.45076117,0.15647933,-0.46909368,-0.15276276
39396,0.21092741,-0.5410383,0.6338035,0.25226155,-0.03568528,0.056678306,0.41802263,0.4704213,-0.59814745,0.19494435,1.2090069,0.3294203,-0.020389918,0.041859154,0.08482802,0.089111924
3490,0.044098932,0.4260226,-0.7670012,-0.35770386,-0.7516658,0.28042397,-0.12959662,0.46378157,-0.33981472,-0.20677085,0.78427017,0.8712161,-0.3190639,0.035457406,0.38615805,0.5818131
1527,0.3435683,-0.49476287,-1.1597044,-0.5624685,0.0777358,0.5697629,-0.3476052,0.55239373,-0.24851818,-0.27117622,0.8781897,1.3045981,-0.21917845,0.5387683,0.0038726144,0.36703652
7074,0.3710062,0.100250125,-0.63029397,-0.29940975,-0.9795372,1.0622122,-0.14426008,1.088454,-0.102010705,-0.61550075,0.1980799,0.88501346,-0.60420537,0.5062042,-0.17633401,0.50970566
13107,0.9823957,-0.13415197,-0.36259544,-0.81478935,-0.86777914,0.124611445,-0.98517513,0.7737096,-0.33085987,0.53173625,0.51263225,0.95181066,0.022675294,0.5731215,0.9579865,-0.362576
4600,-0.045371436,-0.14977573,-0.009573744,0.20882204,0.28045744,0.100406095,-0.3763036,0.9208312,0.4374733,-0.39974844,1.2819268,1.0829431,-0.28251988,-0.35868216,-0.3071083,0.064896084
5001,0.350295,-0.27167863,-0.7233926,-0.09493302,-0.35686684,0.89555675,-0.44066986,0.86306965,-0.11705107,-0.29212716,0.6579357,1.1607949,-0.5425502,0.50921404,-0.3457771,0.58031887
2080,0.5171655,-0.29378256,-0.42576557,-0.32301474,0.16889018,0.15357193,0.28499982,0.35933056,-1.1554874,-0.75933456,0.42439932,0.74109745,-0.90696603,0.8790923,0.24030687,0.76544434
42588,0.58930904,-0.4446013,0.20058846,-0.31870085,0.03344934,0.06487618,0.5675858,0.6939605,-1.1606557,0.663531,0.6642746,0.34035787,-0.2441114,0.002556883,0.6967839,-0.110134184
2082,0.33782065,-0.5441328,-0.4449058,-0.2523832,0.11233819,-0.2150378,0.46358776,0.48291346,-1.0668387,-0.4991021,0.45913306,0.55379933,-0.77612853,0.8600356,-0.06444716,0.7237695
106331,0.6343601,-0.819545,0.6103352,-1.607864,-0.8621448,1.3232346,0.063295215,1.4529771,-0.020021778,-0.2260887,1.0202218,-0.046481226,-0.17181896,0.50252974,0.5896455,-0.17988026
106328,0.7104845,-0.8360577,0.6683729,-1.8463696,-0.9014256,1.424461,0.097718224,1.5643053,0.050170835,-0.20970097,1.0235693,0.082170054,-0.09476038,0.34406283,0.3968405,-0.21363632
84897,0.6043615,-0.62589383,0.6364304,-1.1529062,-0.5671543,0.7842499,-0.0735187,0.9956,0.039295252,-0.30547777,0.9584408,-0.16955194,-0.219656,0.9854414,0.88537073,-0.17053898
106330,0.5297942,-0.80573356,0.49755695,-1.2793959,-0.53515834,0.72028106,-0.08792728,1.0251818,-0.019503376,-0.19031091,0.8984704,-0.1350364,-0.3338903,1.0518534,0.7224174,-0.053430907
2180,0.64493346,-0.64549285,0.49706745,-1.199352,-0.50148845,0.7475981,-0.079281785,1.0440243,0.18425983,-0.23763292,0.9678036,-0.091173775,-0.3748568,0.9493146,0.7797105,-0.19196074
106327,0.57892185,-0.7280663,0.5118201,-1.2677916,-0.4324995,0.6913345,0.03769031,0.9650398,0.07803184,-0.28654882,1.0219698,-0.18992071,-0.34551412,0.8759961,0.7702909,-0.1717021
27392,0.82401913,-0.36663252,0.5395379,-1.5082388,0.20484874,0.57793593,0.032676104,0.6684728,0.16356786,-0.4544577,1.4107962,0.21011704,0.043672435,1.5096699,-0.043321148,0.22723633
76703,0.85114825,-0.8945596,1.3369634,-1.3055369,0.10045297,0.8519879,-0.0012519632,1.0870606,0.36465985,-0.47106698,0.983764,0.43847063,-1.278968,1.1131943,1.184235,-0.5515781
77673,0.34058854,-0.35358426,0.51134115,-1.3521901,-0.16587874,0.64883184,-0.033199593,1.516978,-0.31467193,-0.7413361,1.2041814,-0.33822373,-0.21072541,1.2094687,0.81711185,-0.68554014
33450,0.5842833,-0.5915479,0.66634077,-1.338148,-0.33018774,0.76429975,0.051786683,0.98687863,-0.057427555,-0.18124807,0.8886644,-0.10970625,-0.32884175,1.0331471,0.80936337,-0.072053105
24465,0.42960188,-0.24850278,0.47350535,-1.3982347,0.111918025,0.70425427,-0.19732228,1.8038874,-0.342697,-0.91036075,1.5128517,-0.20842159,0.010096922,1.4651744,0.8093118,-1.1460305
174808,0.66192746,-0.90845877,0.7944484,-1.8171273,-0.842025,1.5699898,0.09734153,1.5791615,0.076444656,-0.19997989,1.2024757,0.09148375,-0.105800904,0.51666355,0.41006657,-0.29273018
12146,0.38578692,-0.18410093,-0.24890186,-0.21238807,-0.6463605,-0.056771543,0.29704094,0.31513605,-0.6876965,0.014607056,1.120605,0.19679229,-0.11048829,0.28926918,-0.74266285,0.67586315
36049,0.8153152,0.2978213,0.16757064,-0.62783426,-0.96744585,-0.6409748,-0.12940343,0.8564364,-0.034475703,-1.0427283,0.39302155,1.0688025,0.009058912,-0.21978408,-0.1282223,0.46090558
22756,0.5927855,-0.78496575,0.38652328,0.42681164,0.062840134,-0.08263761,0.2894238,1.2148244,0.7120039,-0.42162687,1.1467892,0.6075123,-0.43283582,-0.6444862,0.45761237,-0.1339042
76247,0.14929575,-0.78369856,0.70547384,-0.06344397,0.16655634,0.07603779,0.3366446,1.0950897,-0.5978912,-0.05009109,1.277989,0.030342124,-0.057433695,-0.3687776,0.65515125,0.16685739
48338,0.5652333,-0.11170315,0.9054015,0.04404186,0.077337146,-0.027821757,0.24011734,0.40526542,-0.80589044,3.446205e-05,0.9428552,0.94036424,0.36827064,0.49354213,-0.28824124,0.25826147
49395,0.47332498,0.6154831,1.0984687,0.031920575,0.33921584,0.28073755,0.41793284,0.86661106,-0.8768526,0.11314911,0.9322997,1.1847041,1.1129785,0.74545544,0.032168277,0.24649686
49393,0.95215976,0.36123905,1.2512524,-0.046370976,0.27493745,0.4723652,0.45482722,0.840798,-0.99580824,0.051302627,1.023062,1.1941258,0.844025,0.89958113,-0.6140786,0.16883631
49378,0.8867813,0.36174664,1.2884104,-0.05752199,0.2611928,0.5472143,0.43472156,0.8874646,-1.0492398,0.002227005,1.006291,1.2119942,0.8988317,0.92141294,-0.55279946,0.18382615
49392,0.7448446,0.42676526,1.2502767,0.0013757288,0.19825679,0.5170645,0.49826515,0.8777684,-0.9941484,0.058007587,0.9636777,1.180978,1.0812993,0.89548904,-0.28693694,0.21289596
49396,0.91035366,0.33888274,1.2292794,0.01162151,0.22489747,0.5545204,0.47147235,0.92093897,-1.0482631,0.0014598788,1.004024,1.2451904,0.9724508,0.945618,-0.5167404,0.17583694
33705,0.3944307,0.7918846,-0.23309977,-0.9228704,-0.24295452,0.3509623,0.42472857,0.65968746,-0.38302138,-0.11172319,0.8372172,0.30234143,-1.4108063,0.0076006697,1.0306594,0.6171797
14523,0.06287939,0.08437527,-0.49796742,-0.61504585,0.16354913,-0.1785201,0.42152143,0.50142264,-0.7695559,-0.76292676,0.45340553,0.60792875,-1.2595408,0.73038656,0.66757005,0.97284025
395,-0.6514626,1.28029,-0.36265108,-0.19902535,-0.018685231,-0.08347045,0.58844036,0.36603773,-0.34855333,-0.4991167,0.63773227,0.9530482,-0.51705277,0.51304644,0.31122446,0.21426307
47719,0.47818342,0.2301369,0.32010546,-0.5121741,0.018340357,0.4949784,0.076491036,0.7840542,-0.9044956,0.8377781,1.2517409,0.1265912,-0.6388062,-0.06008498,0.8184673,0.24258694
28523,0.55047214,0.5532561,-0.07546879,-1.0907044,-0.4400138,0.80287355,0.18809782,0.7901839,-0.53787965,0.7038302,1.1411724,-0.035238873,-1.0364667,0.2334534,1.0523101,-0.054902595
11522,0.5398346,0.5587487,-0.119281724,-1.0764854,-0.31976134,0.75179684,0.17354052,0.6838881,-0.52000844,0.6150459,1.1419456,0.02670221,-1.0922526,0.20630515,1.1305293,0.0050183767
48497,0.78275526,0.064568326,-0.3922849,-0.68027985,-0.48477852,0.7428599,0.61132765,0.5157826,-0.83673626,0.7981961,1.0933056,-0.04343712,-0.94086534,0.14711256,0.90388197,-0.09977508
243,0.2153795,1.2550608,-0.25730586,-0.03296686,-0.380494,-0.2152602,0.58697593,1.1663527,-0.74694824,-1.2657262,1.1272802,0.439341,-0.21151008,-0.21080504,0.04664636,-0.08459303
8661,0.5097298,0.6357129,-0.44193372,-0.08704263,-0.6107124,-0.23097081,0.18016908,1.0567558,-0.27664757,-0.94793445,0.6384063,0.8332768,-0.4486636,-0.22524503,0.093725465,0.15487355
1014,0.55418366,0.7502614,-0.3091449,-0.19968124,-0.71079975,-0.36887255,0.17430055,1.2100497,-0.25042617,-0.9479236,0.55650127,0.91592276,-0.44623643,-0.35052758,0.027800342,0.19434969
1134,0.90571797,0.57112783,-0.097151235,-0.68331563,-0.9563335,-0.75847685,-0.116224736,1.2198404,0.083399795,-1.3008709,0.4040551,1.1008328,-0.060571212,-0.25284782,-0.19617295,0.4564319
1705,0.47083178,0.58746606,-0.41279012,-0.15690267,-0.6766583,-0.2635986,0.114760846,1.0555087,-0.15635996,-0.9822192,0.7662922,0.8295842,-0.40326363,-0.32495582,0.16908501,0.2141378
1763,0.16138071,1.3190536,-0.2815361,-0.1614039,-0.5018398,-0.26618704,0.61922497,0.76713556,-0.45763925,-1.2435632,0.8536839,0.88081473,-0.3366299,-0.11341302,0.15340845,0.0976695
3498,0.8545918,0.59955204,-0.16448115,-0.5718483,-0.9075251,-0.6353009,0.001744928,1.2571546,0.029887468,-1.3085315,0.45587227,1.0659739,-0.12795892,-0.25372392,-0.19212922,0.40166524
4978,0.39691478,0.488285,-0.79611427,0.26853704,-0.29303458,-0.09649794,-0.05081052,0.6795546,-0.35546663,-0.82445496,0.8372329,1.0111948,-0.53311896,0.2687888,0.12259562,0.3309751
5018,0.4850725,0.58046865,-0.79551184,-0.07399174,-0.43893373,0.19466709,0.22001763,0.39267182,-0.44300294,-0.71668017,0.9523556,0.9873379,-0.5745805,0.18727878,0.2145579,0.7552959
8917,0.30873007,1.125319,-0.30921316,-0.09479955,-0.46545577,-0.25366783,0.441272,1.2307979,-0.6171808,-1.2601165,1.0161906,0.6285809,-0.13059199,-0.36981317,0.09746186,-0.14763024
33829,0.19586258,0.39640045,-0.06508541,0.17082149,-0.4733529,-0.50516474,0.44468862,0.9353066,-0.74531114,-0.7725799,1.4194865,-0.33522868,-0.22108537,-0.19361444,0.1180231,-0.1278598
36315,0.040826544,0.788228,0.14477588,0.006221825,-0.21791232,0.18647265,0.4217519,0.94739944,-0.09360278,-0.66789895,0.8548863,0.81483954,0.30357325,-0.05256189,0.53677565,0.74280745
36540,0.5285375,0.6647564,-0.38436747,-0.16395321,-0.52379656,-0.33362094,0.18232465,1.0725085,-0.213545,-1.0122201,0.6716091,0.91500306,-0.45513117,-0.3357964,0.15165588,0.14077522
36561,0.39269483,0.57299435,-0.37591538,0.03405394,-0.68032724,-0.30794242,0.20179161,1.0474075,-0.14789204,-1.121952,0.82151103,0.7381474,-0.4696132,-0.36085552,0.17145681,0.26365322
36568,0.7274875,-0.09802798,0.32570603,0.58995616,-0.02416722,-0.10007216,0.124907084,1.1638178,0.5746534,-0.6524683,1.0056925,0.81381243,-0.704847,-0.5652122,0.56076527,-0.16052414
36579,-0.010468966,0.5025879,-0.37706092,-0.14978303,-0.52296877,-0.51109743,0.3370322,0.90822965,-0.5286732,-0.82575,1.6782084,-0.21672703,0.06608119,-0.40424922,0.1157664,-0.22541857
36603,0.49260238,0.6881876,-0.33731803,-0.20229506,-0.5058334,-0.22610717,0.25022736,1.1370174,-0.20502989,-0.9954463,0.7393412,0.7604657,-0.3103614,-0.25857344,0.13693044,0.22668631
36609,0.5394019,0.63047266,-0.41834033,-0.062583014,-0.66739213,-0.31453228,0.19648673,0.9673898,-0.22836041,-0.8366343,0.6963128,0.87775314,-0.50849694,-0.36225104,0.19629435,0.1592771
36610,0.5729377,0.6081485,-0.31775248,-0.051372737,-0.7118818,-0.38019893,0.23078062,0.98349226,-0.13932936,-0.9748195,0.6761631,0.89427185,-0.4703732,-0.36866906,0.15071386,0.19964807
36627,0.45968032,0.5589808,-0.37861252,-0.09978063,-0.5384521,-0.29454574,0.185984,0.9757356,-0.18822704,-0.96963924,0.6960522,0.858821,-0.512429,-0.28705227,0.136432,0.21549317
36651,0.4593892,0.61615765,-0.35628396,-0.13287011,-0.67291224,-0.28580105,0.16943909,1.0556293,-0.17219001,-1.0168414,0.6529769,0.9225693,-0.36034545,-0.35512063,0.17919262,0.27614975
36667,0.35695875,0.64110005,-0.32671562,-0.08900425,-0.63374054,-0.19129069,0.15291555,1.0131267,-0.25800705,-1.0965725,0.7271184,0.8168811,-0.49269482,-0.28529027,0.05855737,0.24147351
9901,0.24870408,-0.8380434,-0.10712184,-0.5847098,-0.8002607,0.18242691,-0.12443827,0.18095087,-0.7856066,-0.8463361,-0.19744813,1.0125852,-0.09154138,1.3205698,0.5184978,0.13574404
102129,0.40319678,-0.62393636,-0.29478252,-0.3579042,-0.8040629,0.8478948,0.4096553,0.8201448,-0.51659334,-1.2295797,-0.04107358,0.6643206,-0.53721905,0.98401326,0.38041118,-0.0034011588
65609,0.22742487,0.3297881,-0.6513296,-0.26645148,-0.9975075,1.1737157,0.21561222,0.8840959,-0.07321757,-0.6872282,0.5044884,0.78344685,-0.5581233,0.3852234,0.026438138,0.8169803
80584,0.34666848,0.10004898,-0.7587233,-0.32514405,-1.1266565,1.1513461,-0.22875449,1.3060683,-0.057169784,-0.65796906,0.14651164,0.9818628,-0.8312866,0.54440665,-0.1728207,0.42082316
12701,0.6880032,-0.5530527,-0.8111432,-0.912146,0.51855606,0.3705894,-0.0082449205,0.51697046,-0.59375656,-0.5915118,0.7388668,1.2202398,-0.10132912,1.1657065,0.11421423,0.484505
32869,1.1733243,-0.2658127,-0.2182868,-0.8532449,-0.800953,-0.05197768,-0.96544147,0.7416454,-0.37822777,0.48695508,0.55325896,0.99697894,0.18326594,0.5406877,1.0023018,-0.5366467
55616,0.6800835,-0.5969571,-1.1305912,-0.9650808,0.6173041,0.5823947,-0.047370322,0.767402,-0.56338984,-0.5375346,0.85518295,1.5301448,-0.12581924,1.0799724,-0.04015261,0.3956107
52939,0.6272226,-0.58093363,-1.1806872,-0.8845466,0.5196816,0.5167328,-0.14973637,0.74985254,-0.42880946,-0.53730655,0.8888486,1.5241731,-0.16438614,0.98515534,-0.07404354,0.4753901
116492,0.44352278,-0.3422017,0.25582153,-1.2195308,0.3423039,0.651578,-0.15042071,1.40603,-0.1573622,-0.9026568,1.7833077,-0.106308326,0.34152344,1.7563328,0.5502116,-0.72636473
92731,0.51215726,-0.49784952,0.23754784,-1.368485,0.6093568,0.4245239,-0.09603493,0.70099133,0.016580854,-0.5244884,1.6299405,0.4513263,0.47416523,1.5905758,-0.065625265,0.002483418
28994,0.23795228,-0.5712901,0.21526913,-1.2907149,0.26573777,0.47744638,-0.09712966,0.7163331,0.20858437,-0.65280855,1.6400251,0.13616124,0.46808982,1.8315738,0.311574,-0.13324316
153340,0.42306292,-0.42095673,0.22001028,-1.2588867,0.36737448,0.5190176,-0.118864626,1.3193372,-0.090881415,-0.86527956,1.7459882,-0.042618264,0.44911122,1.8692507,0.3901089,-0.5713216
153341,0.49715412,-0.52412915,0.27541685,-1.3749973,0.5355121,0.49418944,-0.087902635,0.7724217,0.0041772467,-0.59088796,1.6525164,0.4205133,0.45126158,1.7795534,0.011830278,-0.03716262
153344,0.23521382,-0.50862694,0.12212447,-1.1728469,0.19705051,0.48303807,-0.2211179,0.8486903,0.19100253,-0.79674256,1.6509866,0.16323996,0.4780904,1.7705684,0.16836035,-0.09901587
33019,0.5628556,-0.28331682,-0.46019518,-0.37132382,0.12382986,0.09530387,0.38201815,0.421867,-1.2713352,-0.79348594,0.41881368,0.8011656,-1.080963,1.0217282,0.18375644,0.8566523
27543,0.3542348,-0.093945846,-0.13573596,0.28563422,0.5421395,0.051417623,0.46357152,0.108486824,-1.2239882,-0.5428304,0.84870315,0.6575345,-1.0661066,1.3015032,0.11314861,0.5819474
28602,0.31534767,-0.4763048,-0.18685633,-0.45325854,-0.435815,-0.09806113,-0.24042022,0.044140615,-1.3534101,-1.0378238,0.2978237,0.6662501,-0.8899994,1.2837565,0.29452986,0.5378894
159497,0.8914699,-0.9689018,1.4580474,-1.4265559,0.07232029,0.9780732,-0.03463592,1.2078629,0.3841395,-0.55730194,1.0073413,0.479057,-1.3901124,1.2685323,1.3130444,-0.6646052
159499,0.8437898,-1.0183711,1.3541783,-1.5557038,0.01027159,0.82880664,-0.052412577,1.1139157,0.41766986,-0.5521388,1.1914153,0.39557502,-1.543528,1.2718558,1.1402638,-0.70897865
42162,-0.3699755,0.45972574,1.3096334,-0.5173303,-1.0011519,0.63876987,0.045636334,0.26357633,0.33297148,-0.16683652,0.7767536,0.24286766,0.13020842,0.95897484,1.0722716,-0.06996837
119913,-0.065566875,0.34504443,1.4097062,-0.6914464,-1.3626814,0.63758516,0.0059723533,0.37726602,0.12812266,-0.18428396,0.71192086,-0.037533198,-0.026002342,1.1999469,0.7800424,-0.25933343
119910,0.7985079,-0.55175525,0.54184717,-1.7322874,0.2602727,0.59294397,0.08694632,0.768341,0.20086533,-0.5285606,1.5092318,0.2508961,-0.01019306,1.7564578,0.009392796,0.23031099
116490,0.5987016,-0.25993213,0.55212384,-1.5396903,0.0111496765,0.7498813,-0.15855166,2.058648,-0.4746861,-1.1323123,1.6060784,-0.2551583,-0.10211956,1.4900385,0.79674387,-1.131212
116489,0.52586585,-0.3011788,0.47720197,-1.4339205,0.066635825,0.8626628,-0.07757813,2.0814424,-0.3979991,-1.0751916,1.681051,-0.30694473,-0.14169493,1.5548977,0.7669042,-1.2420536
116493,0.5689207,-0.363892,0.5938818,-1.471783,0.082887486,0.7420009,-0.14561969,2.063591,-0.47357598,-1.1525189,1.6403246,-0.2769708,-0.130705,1.396546,0.7441063,-1.1918347
