500,16
116683,-0.69030726,-0.14418577,0.28782758,-0.0832493,0.29485,0.16603015,0.7806216,-0.38999426,0.26742202,-1.7134943,0.5103197,0.5948644,0.2830413,-0.606944,-0.9417318,-0.3493647
24581,-0.5516121,-0.20152397,0.2171429,-0.06050542,0.278784,0.19166972,0.74540156,-0.44316536,0.3369091,-1.5262299,0.41765508,0.5170813,0.16418979,-0.47323397,-0.7312974,-0.24951014
1174,-0.67513996,-0.40894657,0.14130984,0.20742811,0.20988445,0.732066,0.6989968,-0.46051624,-0.21699056,-0.11223927,0.42069235,0.2858931,-0.09683698,-0.10527682,-0.37656447,-0.22351682
10140,0.5667632,-0.414991,0.6320427,0.36262548,0.9169714,0.10105346,0.6041822,-0.5077764,0.07047159,-1.1756346,0.27123716,0.39998385,0.2718336,-0.4280738,-0.7286602,-0.095438555
1842,-0.65294564,0.16543101,0.26751372,-0.22649007,0.11700724,0.522107,-0.08369804,-0.5322986,-0.24143502,-1.085618,-0.41319957,0.15394193,-0.43999615,-0.06264254,-0.6467927,-0.77349055
2343,-1.1296607,-0.19726433,0.39998034,0.30030382,0.17569925,0.2978303,0.7824832,-0.17616789,0.4889999,-0.9875634,0.29736957,0.36126086,-0.12374053,-0.61704934,-0.07212211,-0.16442211
13351,-1.1362958,-0.000537756,0.25974554,0.2509582,0.18920079,0.24748765,0.9217072,-0.16672063,0.36241204,-0.9099855,0.15187438,0.4063914,0.04349837,-0.4969207,0.20491813,-0.34117064
38436,-0.86654073,0.041215755,0.6298677,0.1886044,0.44346935,0.91087526,0.3448987,-0.43415284,-0.2736912,-0.43353763,0.09599761,0.547774,-0.071407095,-0.74358743,0.56827414,-0.10088847
628,-0.5972894,0.04385143,0.667058,0.44763315,-0.2815437,0.6363011,0.35271454,-0.10992554,-0.23092134,0.004216431,0.123930685,0.33249578,-0.6619262,-0.2877715,0.020744832,-0.36082375
661,-1.0148214,0.093301,0.67632383,0.25777224,0.4191281,0.5176968,0.17561375,-0.31249774,0.17091472,-0.80649036,-0.07004081,0.1540801,0.2959311,-0.72890306,0.5065862,-0.053898126
756,-0.675331,0.31612733,0.39717555,0.08792385,0.72407943,0.72299165,0.25187853,-0.6499947,-0.17136535,-0.036152594,-0.05788537,0.39760104,0.035245858,-0.68008596,0.1930876,-0.310738
792,-0.34899703,-0.18575796,0.35015208,0.0028919918,0.15841857,1.3083979,0.86586714,-0.20806675,-0.44384572,-0.24214508,0.32177362,0.5218925,0.20444772,-0.37026754,0.20907687,-0.24750182
1441,-0.86591005,0.16887727,0.7684553,0.030341148,0.4727394,0.6370064,0.24430643,-0.5350273,0.073450476,-0.3922769,0.22543694,0.617678,-0.12038608,-0.9152028,0.7277488,-0.21725486
2181,-1.0384214,-0.30765384,0.32248244,0.62009466,0.3642021,0.49772254,0.48778534,0.10758111,-0.33808202,-0.42770982,-0.10612862,0.020141996,-0.7745519,-0.28982735,0.080720946,-0.11208987
38460,-1.1479415,-0.2870958,0.19327833,0.64414036,0.1715156,0.36486176,0.7300066,-0.16068536,0.055582594,-0.25294766,-0.43083385,-0.064479254,-1.1410927,-0.44080618,-0.18927155,-0.2944379
31264,-0.34558094,-0.024995236,0.26520514,0.94252825,0.26346195,0.69425845,0.9989542,-0.16516149,0.16873693,-0.23685987,-0.5577943,0.02840259,-1.1854317,-0.6097837,0.14127597,-0.076017976
9870,-0.9585187,-0.18916133,0.3318336,0.4661485,0.06745805,0.54503626,0.9241243,-0.13541947,0.027528213,-0.73732984,0.5528721,0.08185827,-0.42652556,-0.20183088,0.07010828,-0.11589764
38544,-0.56772995,0.06880208,0.84776235,0.49896795,-0.3785797,0.74098504,0.44195166,-0.052437764,-0.2816795,-0.1069041,0.26961094,0.5578419,-0.7920629,-0.2775495,0.052157223,-0.46238068
38565,-0.80057126,0.27519125,0.5704836,0.6069688,-0.036691934,0.5036582,0.8095734,-0.19114587,0.13226646,-0.39215803,0.4934173,0.9209472,-0.11925083,-0.5494771,0.12566021,-0.44254315
31261,-0.8360903,-0.10290837,0.3028722,0.5376178,0.28722078,0.55666286,0.344884,-0.4476133,0.09331895,0.0640028,-0.012827532,-0.3941503,-0.7865238,0.04796833,-0.3599884,-0.4486602
38523,-0.46850136,-0.132654,0.965383,0.7540119,-0.74090254,0.6761686,0.2012958,-0.53401476,-0.19203706,0.28862852,-0.19975959,0.7953974,0.14684409,-0.17760178,-0.60411257,-0.6330805
1286,-0.8525849,0.11342218,0.528807,0.018968413,0.41487524,0.5045953,-0.029418219,-0.609557,0.36648533,-0.49776065,0.13934065,0.35765412,-0.64522254,-1.0893679,0.38194412,-0.3747101
1679,-1.0313038,0.17606083,0.34148267,0.6915943,-0.17234892,0.30435884,0.79312384,-0.34831968,0.6155163,-0.17726505,-0.038105745,0.6127891,-0.4752007,-0.42386487,0.24320976,-0.6796361
38513,-0.6273458,0.031143025,0.90600854,0.6714648,-0.38728824,0.7363723,0.31320208,-0.12925181,-0.17008108,0.055527262,0.042445112,0.43120363,-0.8192096,-0.40028754,-0.011410017,-0.43791795
38579,-0.61675256,0.06302611,0.8649977,0.524541,-0.34874308,0.7269812,0.2535094,-0.17209701,-0.31169814,0.043944716,0.13029702,0.5636081,-0.7785703,-0.36946908,0.10222735,-0.4834252
29882,-0.7699851,-0.13587745,0.53314716,0.5984486,-0.40258002,0.71431,0.39283416,-0.64286405,-0.026433129,0.33940047,0.4809191,0.22211339,-0.22245552,-0.088770404,-0.074168816,-0.6155278
19768,-0.92155904,-0.044351123,0.8059158,0.78569585,0.6667754,0.8648853,0.29456896,0.7710985,-0.5555101,-0.79539734,0.07808988,0.3317144,-0.68210983,-0.0035310797,0.19996478,-0.2977733
38499,-0.8514442,-0.14392455,0.6491886,0.6057783,-0.31891364,0.6160834,0.54142517,-0.2607259,-0.27406093,-0.0956184,-0.266423,0.20631325,-1.1551336,-0.47644356,0.074910834,-0.19202757
3580,-1.1813191,-0.11712568,0.23208553,0.5696993,0.29322863,0.49027884,0.2609305,0.043880243,-0.094657056,-0.6097665,-0.07013111,0.27189457,-0.7131639,-0.28209406,-0.096664116,-0.6076225
3911,-0.9303288,-0.38686648,0.49805295,0.7485807,-0.34663793,0.8588284,0.5111457,-0.01249215,-0.48849183,0.1255419,0.45149708,-0.06383482,0.57527286,-0.14999087,-0.38310543,-0.4796977
38559,-0.9077991,0.028247662,0.3147828,0.80692494,0.19729562,0.26823595,0.4661286,-0.39563307,0.20847876,-0.54848933,-0.32658568,0.1809894,-1.0523875,-0.6811483,0.5174557,-0.22465292
532,-1.2574694,-0.1450024,0.43441677,0.38745388,0.18336639,0.3386618,0.22724655,-0.2829124,0.05308529,-0.4287146,0.14901571,0.31726533,-0.71665996,-0.9413892,0.25016457,-0.34489223
1394,-0.8684137,-0.06955499,0.49129075,0.53833264,0.031787343,0.49365285,0.7338314,-0.099928185,0.05558178,-0.22779317,0.23618773,0.30178145,-0.31423578,-0.26020366,0.13573131,-0.20087667
38506,-0.8950636,-0.08520172,0.3700197,0.6844972,0.30908707,0.37380514,0.6246487,-0.30939347,-0.11025775,-0.26015922,-0.38912433,-0.05498891,-1.2464777,-0.49257523,-0.06701025,-0.102194995
1228,-0.89623076,-0.035906572,0.89239806,-0.09533472,-0.2479262,0.93415576,0.29043838,-0.27601874,0.58902466,-0.14900452,0.23677509,0.03591761,-0.25754344,-0.9586865,0.5260912,-0.45261967
7109,-1.1226684,-0.07104877,0.47099066,0.19272545,0.42339608,0.39135107,0.22788145,-0.34676933,-0.021200547,-0.035021167,-0.29110414,0.0043911943,-1.0091066,-0.13805526,-0.35335118,-0.39103475
38371,-1.0146899,-0.8781277,0.6077374,-0.19726457,0.2243936,0.4023139,0.82540184,-0.49408415,0.16403872,-0.008500983,0.052823633,0.45639852,-1.0139017,0.3188829,0.13704966,-0.101230256
1845,-1.0224104,-0.36924866,0.04707687,0.727104,0.047129687,0.36724922,0.74695146,-0.27311066,-0.10134661,-0.23733097,-0.23453905,-0.35015747,-0.7039993,-0.49474695,0.07173672,-0.1267034
6255,-0.43566617,-0.27854782,0.12827887,0.7286811,0.24445756,1.0880868,0.16528046,-0.29882222,0.15064181,0.10661644,0.8593749,-0.09209947,-0.5319092,0.11206361,-0.09852511,-0.9687873
38364,-0.99214876,-0.23719715,0.45208335,0.76752245,0.01988288,0.41277602,0.7911374,-0.20963976,-0.12118168,-0.3048661,-0.3743852,-0.11191329,-0.96322054,-0.42295045,0.13139531,-0.0012096267
38395,-0.97601295,-0.39319235,0.389121,0.643036,-0.05000198,0.27913338,0.7988197,-0.23997925,-0.19237877,-0.3166945,-0.26025498,0.02531151,-1.1531066,-0.39122579,0.12228149,0.04841859
38427,-0.58409774,0.35181493,0.7334364,-0.014844326,-0.2436596,0.35426655,0.30456483,-0.23534441,-1.2517918,-0.014119342,0.8450823,-0.26974258,-0.795833,-0.57902163,-0.53346926,-0.57859147
2367,-0.88166547,-0.078626074,0.27835754,0.44060197,0.6131837,0.36168325,0.67820257,-0.3737836,-0.0021248097,-0.12751754,-0.35190538,0.26136202,-1.229202,-0.51771295,0.15761158,-0.17802641
1071,-0.989407,0.14170966,0.88034827,-0.13551572,-0.13750462,0.854576,0.31675002,-0.11862931,-0.21062617,-0.33619618,0.16501944,-0.0652787,-0.15148523,-0.45868722,0.37819168,-0.31082854
38432,-0.93716395,-0.146674,0.3218004,0.5564873,0.30687854,0.41361156,0.7762785,-0.33983454,-0.032756053,-0.1140244,-0.4124779,0.032577783,-1.2953769,-0.59499204,-0.21094714,-0.18416163
38425,-0.50498784,0.41762772,1.0715405,0.54080665,0.18771188,0.78999424,0.5368712,-0.037302364,-0.019852197,0.6648892,-0.17292528,0.8345215,0.026336143,-0.5267267,-0.23631601,-0.6438479
1719,-0.45916185,-0.03700828,0.49997535,0.6815791,0.3821276,0.67548174,0.79466134,-0.23508151,-0.11858554,0.00810406,-0.47681165,0.28470403,-1.4042876,-0.6748528,0.16916476,-0.07843146
38378,0.48448712,-0.23154983,0.70418525,-0.42013875,0.5783974,0.24446245,-0.26294228,-0.9598371,0.08240051,-0.7152349,0.032860592,0.3087425,-0.796132,-0.60732037,-0.80859536,-0.6313745
6771,-1.233926,-0.39329645,0.40989456,0.73402697,-0.29562196,0.44630006,0.39895728,0.14508812,-0.14935105,-0.30732566,0.15055859,0.55241185,-0.8136519,-0.7155083,-0.14936516,-0.63723695
15282,-0.4930539,0.09687046,1.2045382,0.6196248,0.10736364,0.995171,0.23828873,0.060334858,-0.20943618,0.6963608,-0.13298889,0.8584898,0.25606102,-0.6402019,-0.18463528,-0.6487948
1455,-1.0735991,-0.33010918,0.23193164,0.7256501,0.16614379,0.5289236,0.5956781,-0.0043274737,-0.03663489,-0.51633966,-0.48565218,0.039079826,-0.8422594,-0.34569836,-0.16878463,-0.2500821
38561,-1.1123313,0.1136063,0.37614194,0.6035864,-0.011946175,0.26460502,0.8968281,-0.15381262,0.31125084,-0.5991281,-0.104374185,0.36178625,-0.46047455,-0.49717346,0.55399495,-0.40935993
2434,-0.8185016,-0.23225373,-0.015550175,0.4791707,-0.04623879,0.4089153,0.34593284,-0.71331346,-0.022376584,-0.05276553,0.63826764,-0.43009755,-0.26745874,-0.09469113,-0.111647196,-0.5182745
1878,-0.55178833,0.67138374,0.3900932,0.43929067,0.284207,0.27749452,1.249838,-0.38370338,-0.116895005,0.39783782,-0.16764836,0.28247994,0.12045899,-0.17377008,0.19709426,-0.6049744
791,-1.1945846,-0.039367564,0.48707637,0.58250076,0.12857479,0.225194,0.56923676,-0.08376036,0.12108107,-0.63812566,0.032143872,0.1297592,-0.72315955,-0.57973385,0.40003902,-0.19545
34394,-1.2475479,0.047740053,0.5902935,0.094073825,0.25089774,0.28316298,0.8621745,0.18837056,-0.22569063,-0.5476578,-0.066982925,0.224284,-0.11979948,-0.09009003,0.8696492,-0.3485419
918,-0.839519,-0.21386454,0.8799611,0.1278064,0.75429565,0.28858027,0.23319452,-0.32373577,0.08587115,-0.11261722,0.41635612,0.41302025,0.00993182,0.2692841,0.335755,-0.14286801
38481,-1.4094237,-0.36861628,0.2869639,0.66980535,-0.10031005,0.2860221,0.48261762,0.08468674,-0.060450956,-0.44420442,-0.0739711,0.29491827,-0.7367493,-0.73347074,-0.066850975,-0.48923242
38402,-1.0169945,-0.3646141,0.43057987,0.589415,-0.18752548,0.74297935,0.7144911,0.016243203,-0.16237696,-0.5632458,-0.4464223,-0.018197393,-1.057709,-0.38226613,-0.2984473,-0.20937566
38495,-1.0961614,-0.20011774,0.7415442,0.9948897,0.22235794,0.7869502,0.3827091,0.47174966,-0.576705,-0.3247932,0.17620815,0.2092208,-0.6405068,0.05422527,0.447227,-0.28899926
25148,-0.74076796,0.57539195,0.64089614,0.8512822,-0.09400737,0.17176746,0.5946036,-0.6426969,0.18574274,0.02418037,0.56314284,0.8618381,-0.058351282,-0.5840635,-0.02052246,-0.52911335
38453,-0.7373961,-0.007830159,1.1196808,0.464893,0.10909308,0.57137454,0.33838263,-0.38725254,0.023523746,0.4865852,0.12027039,0.8259158,0.13267288,0.06278038,-0.022897948,-0.44090477
4770,0.32771435,0.30138144,0.9406751,1.1470635,-0.08280329,0.31925794,0.5592667,-0.6715948,0.40531313,-0.70783144,-0.18567921,-0.017374357,-0.14814505,-0.01888185,0.015542476,0.11677075
38505,-1.1723707,-0.3667591,0.04194937,0.5739117,-0.06901695,0.42811963,0.69005615,-0.07442586,0.4312705,-0.5111733,-0.1492479,0.18153282,-0.6657488,-0.45477605,-0.21078248,-0.6126675
38366,-0.5658995,0.060320433,0.8747667,0.5067016,-0.2692017,0.8102981,0.32529566,-0.21002384,-0.25567782,-0.016494384,0.14703394,0.5165739,-0.83824337,-0.34477118,0.040357664,-0.42620566
38546,-0.54814297,-0.10770109,0.5437846,1.0224208,-0.15097609,0.65254074,1.0240813,-0.18905433,0.06416987,-0.72785586,-0.22074209,-0.16421236,-0.8837578,-0.2044047,0.0789842,0.20252995
6794,-1.1447213,0.06741756,0.34265026,0.42093167,0.25655758,0.2882724,0.83907783,0.04305365,0.22658885,-0.5164416,0.11572795,0.49400178,-0.33126947,-0.575871,0.17656168,-0.44976982
552,-0.3876982,0.67353356,0.5086128,0.7630092,0.043568898,0.5755319,0.5533876,-0.8561636,0.08962802,-0.23453017,0.597745,0.4405047,-0.24178576,-0.54662055,-0.06149942,-0.29566872
38560,-0.31520104,-0.2603329,0.43082082,0.6530912,0.1316208,1.3036631,0.28085482,-0.7649722,-0.5003293,0.5499243,0.084265314,0.65295523,-0.3239685,-0.29431283,0.35358363,-0.39686432
4727,-0.6508461,-0.20178978,0.69510764,0.620641,-0.23591413,0.8319054,0.6108029,-0.19737497,-0.040927816,0.20882134,-0.25664982,-0.011507214,-1.0966659,-0.19041024,-0.03660386,-0.25279525
2050,-1.0464414,0.46844885,0.97840726,0.28272188,0.45788494,0.36944062,0.54852384,0.5233258,-0.009499722,-0.922781,-0.1633902,0.29787555,-0.514188,-0.39902422,0.05041681,-0.255988
38555,-0.934743,-0.40627396,0.17368522,0.8817962,0.07593206,0.602903,0.4839369,-0.46142432,-0.5329687,0.1490193,0.31685606,-0.2089097,-0.55212253,-0.43819764,0.36530656,-0.12141537
2089,-0.56165016,0.16097786,0.3897837,-0.030324757,-0.04400522,0.7852681,0.9317541,0.27495396,-0.2865957,0.16389768,0.74895465,-0.9224824,0.1245711,-0.18317525,-0.032943696,-0.80278254
10509,-0.14709654,0.08720651,0.49777365,0.6612699,0.3532375,0.95375735,-0.07693509,-0.42004266,-0.1201992,-0.18601654,0.27432972,0.057866428,-0.8206286,0.19827345,0.26505712,-0.655508
28339,-1.0667152,0.45776337,1.061614,0.38198277,0.08979507,0.5147147,0.46980897,0.47412616,-0.16140741,-0.80947375,0.011153473,0.5240826,-0.6332326,-0.41605702,-0.0036369031,-0.46207035
38099,-0.21597308,-0.052907318,1.1443701,-0.06417597,-0.46586508,0.3114725,0.7204119,0.10917741,-0.6153422,0.09532628,1.063384,-0.45536226,-0.7492309,-0.7800121,-0.47379857,-0.4374599
3683,-0.30753782,0.20428255,0.7081441,-0.41387194,-0.13851026,1.337482,0.37198943,-0.42512426,-0.21509455,-0.35191542,-0.29375952,-0.55205077,-0.01997783,-0.072628595,0.08835925,-0.5156516
38551,-0.6942097,0.01636189,0.7809099,0.47450227,-0.15020002,0.8566324,0.5322245,-0.12921,-0.21611659,-0.0846842,0.27447897,0.5471095,-0.57333475,-0.1944043,0.09309989,-0.3741658
13438,-0.6358066,0.042151615,0.94083863,0.47133607,-0.5213648,0.86544377,0.38892174,-0.09647841,-0.27753422,-0.046968125,0.17769092,0.5190281,-0.88823694,-0.27693918,0.121698946,-0.5126062
6848,-0.9192742,0.00080943096,0.363053,0.733913,0.12884374,0.3803136,0.89003783,-0.08554621,0.35159174,-0.69230086,-0.23197246,0.057622124,-1.0002635,-0.46800643,0.061541647,-0.18077165
1159,-0.4705148,0.330634,1.0046191,0.28454742,0.475221,0.8528263,0.52172434,0.014287546,-0.08247524,0.6334575,-0.14539887,0.83660287,0.20570154,-0.61842054,-0.052108124,-0.594848
20521,-0.54108036,-0.051383324,0.95429575,0.6640216,-0.40796813,0.8949211,0.34302282,-0.34193912,-0.43827027,0.48894435,0.08080924,0.617532,0.09374473,-0.29281798,-0.20833664,-0.49515167
38454,0.1339357,0.2239749,0.66005903,0.32370293,-0.43902543,1.387185,1.1410849,-0.51047444,-0.33378887,-0.5363809,0.0035211714,-0.068145275,-0.20222482,0.14487164,0.075697444,-0.016298614
4432,-0.6751079,0.11421212,0.8230498,0.5541709,-0.406464,0.77921337,0.48164037,-0.063233495,-0.27724043,0.030236308,0.13693498,0.41063392,-0.8605846,-0.2351415,-0.01639318,-0.4688037
13751,-0.26607117,0.8768348,0.8114365,0.50970304,-0.35611254,0.8088743,1.013584,-0.054169975,-0.37156972,0.41072807,-0.30581203,0.79607964,-0.7887551,-0.18611264,0.48579726,-0.96154153
3588,-0.011490793,-0.0046676756,0.24489462,0.38944793,0.8637259,0.8132611,-0.17401245,-0.55441546,-0.0993537,-0.35480338,0.21873477,-0.21078952,-0.47388667,0.3150226,0.22330122,-0.6786864
6807,-1.127352,-0.06523539,0.46626833,0.5470811,0.23304789,0.39281216,0.50862175,-0.3000347,-0.24679284,0.11424277,-0.38888824,-0.50731647,-0.9357059,-0.2965128,-0.05851936,-0.17149247
17496,-0.8909552,-0.29524967,0.45464662,0.61733794,-0.04609579,0.62210345,0.7459232,-0.24176759,0.12179902,0.17778885,-0.45898345,-0.25512755,-0.85908246,-0.28555068,-0.04582175,-0.17222963
5860,-0.72658247,0.27747965,0.76297045,0.42763588,0.15273528,0.3488047,-0.027102735,-0.57658195,-1.1981254,0.30601597,0.51378757,-0.11051985,-0.4634108,-0.47544768,-0.19121835,-0.21064138
2205,-1.0537925,-0.34214672,0.14432488,0.55668795,0.12254604,0.3899038,0.7665518,-0.33464018,0.2746443,-0.33687773,-0.092363745,0.2574149,-0.72484314,-0.2731685,-0.05561146,-0.3504423
38570,-1.0092579,-0.09120123,0.5127335,0.7392637,-0.04082639,0.34481066,0.6629721,-0.23844147,-0.06632745,-0.5659986,-0.14928481,0.20219603,-1.226587,-0.6128444,0.4560863,-0.18073061
7045,-0.56223714,0.19909373,1.207123,0.46706438,0.29048565,0.9244374,0.46756092,0.21087629,0.12202705,0.7019318,-0.26672253,0.8554222,0.26987866,-0.6238453,-0.23780487,-0.72107035
24937,-0.62455934,-0.14121133,0.75835013,0.44856578,-0.41125238,0.802269,0.46270207,-0.66442895,-0.008386677,0.5152039,0.042583074,0.49100906,0.07390343,-0.117951885,0.02485402,-0.40648586
38368,-0.7754549,-0.028806236,0.45837784,0.76970476,0.4344844,0.60552716,0.03590692,-0.04685688,-0.057955995,-0.7534418,-0.26530576,0.32843682,-0.7872669,0.15567252,0.22687158,-0.46979114
1231,-0.71633863,-0.004638427,0.95054615,-0.10509434,0.23942445,0.6111911,0.8119863,-0.14049187,0.76113206,-0.26845145,0.17874578,0.33458725,-0.23186035,-0.5003571,0.42361712,-0.15355091
38450,-1.1670665,-0.3361293,0.3160957,0.5595334,-0.47811493,0.64535666,0.6129595,-0.21833493,0.5464414,-0.004449198,0.27345562,0.033403676,-0.23323601,-0.37650377,0.096816525,-0.6818545
13801,-0.7829149,-0.74291617,0.6040319,-0.48837665,0.41503784,0.94944185,0.7823738,-0.046522785,0.1081515,-0.07275362,0.18836732,0.34058842,-0.3999842,0.12337635,0.71961385,-0.3593742
35763,-1.0476539,0.11437628,0.569836,0.4221187,0.14143017,0.22450686,0.587324,-0.15814291,0.34919155,-0.66785103,0.2852808,0.70874614,-0.3623866,-0.6248341,0.27381882,-0.37322316
1242,-0.5846762,0.36537957,0.89841306,0.37330952,0.16159928,0.748808,0.061788797,-0.50255257,-0.82198596,0.019430216,0.43757087,0.20225106,-0.34626973,-0.9596494,-0.007033862,-0.09309821
38494,-1.0373245,-0.07939878,0.67166054,1.1334225,0.4274335,0.72375566,0.27282998,0.4692874,-0.65350366,-0.47931567,0.16631758,0.2528215,-0.6457607,0.2209817,0.46238554,-0.3276978
2357,-1.070552,-0.036059666,0.33611092,0.5833742,0.2928978,0.5533475,0.5369194,-0.016620843,-0.36878335,-0.5175402,-0.3146197,-0.14688177,-0.45773047,-0.42046672,0.19945729,-0.077179454
38512,-1.1728615,-0.23319657,0.26076978,0.59339905,0.3448738,0.496684,0.38017753,-0.017285718,-0.32525864,-0.4104562,-0.11493555,0.3817612,-1.0990644,-0.4015418,-0.012301375,-0.46456608
33487,-0.82271856,-0.4147992,0.24564333,0.84941345,0.21843943,0.7430855,0.37143627,-0.48970523,-0.95273864,0.22526664,0.02372349,-0.036046226,-0.71405125,-0.5456964,0.36862844,0.029073533
38448,-0.9919833,-0.24403867,0.42269677,0.6763335,0.29030967,0.4514105,0.7313021,-0.20946448,-0.2549324,-0.03770764,-0.55760837,0.04575309,-1.2009348,-0.46278253,-0.058588848,-0.07024847
4589,-0.6625713,0.6171552,0.51633036,0.76806,-0.1897921,-0.018950429,0.2808958,-1.0653375,-0.07378535,0.22091162,0.28248203,0.03466735,-0.07375077,-0.22536655,-0.23753813,-0.61248577
13010,-1.1955839,-0.38259465,0.20170014,0.52639604,-0.4181245,0.61343116,0.74734026,-0.1526801,0.5238949,-0.2127319,0.2610184,0.18599553,-0.44829124,-0.50764245,0.04125894,-0.70430785
7618,-0.9787224,0.21129073,1.1407799,0.073975086,-0.34538865,0.997251,0.31147853,-0.06133007,-0.2531621,-0.26541477,0.09834196,0.24825175,-0.38909742,-0.307219,0.48122427,-0.44478378
2139,-1.1424544,-0.21435587,0.033919,0.46554065,0.30528143,0.38802183,0.30839124,-0.54333943,-0.0063819713,-0.18044184,-0.08418111,-0.17880408,-0.7858,-0.47137815,-0.3153143,-0.38001788
35767,-1.0760028,-0.30154204,0.35256174,0.14612515,0.27244473,0.52699333,0.6947873,-0.06773011,0.2597739,-0.3674759,0.15564033,0.2708616,-0.37471247,-0.48130992,0.1432493,-0.31951776
38391,-0.44712326,-0.03071531,0.4721473,0.7451691,-0.3198473,0.8217786,1.0157727,-0.3951428,-0.041382816,-0.61061513,-0.3183737,-0.37774667,-0.7769315,-0.029637419,-0.0006206704,0.09477858
38521,-0.98099536,-0.34147748,0.25256532,0.7765394,-0.017076436,0.5955328,0.61866874,-0.12121934,0.1464373,-0.3977245,-0.31125012,0.17008337,-1.0703188,-0.52654034,-0.16787723,-0.37581006
38430,-0.6745373,0.044416163,1.0602285,0.015086487,-0.20207211,0.8722051,0.6693597,-0.34350204,0.49079385,0.11770633,0.057027698,0.4748551,-0.13954934,-0.28497633,0.19755472,-0.38470107
24576,-0.5326606,0.087590575,0.790232,0.5610916,-0.42514393,0.71906286,0.4552335,-0.049217578,-0.4201605,-0.032552853,0.06621879,0.5774412,-0.7982713,-0.23108639,0.047697276,-0.52196646
6770,-1.0936604,0.10326545,0.30594504,0.49140882,0.29771158,0.16052319,0.6494536,-0.46528214,-0.38275397,0.12171963,-0.35417303,-0.35200372,-0.8906917,-0.14176129,0.025817424,-0.21886037
2169,-0.6493102,0.07981804,0.64116544,0.22999837,-0.0050563747,0.503527,0.29706067,-0.46173054,-0.26438648,-0.09542654,0.16193116,-0.34542397,-0.23170991,0.10694701,-1.1469455,-0.37993732
1770,-0.8487721,-0.35128993,0.25166586,0.6123801,-0.06233399,0.62687,0.91960174,-0.074032396,-0.02094105,-0.28729522,-0.12998365,-0.29536405,-0.87316865,-0.38566855,-0.45178112,-0.121243075
5406,-0.25602433,0.89526,0.65264964,0.53660375,-0.1552373,0.7477286,1.1718435,-0.053884227,-0.45233265,0.43112943,-0.32172742,0.77159345,-0.707791,-0.052019916,0.41528848,-0.9988965
1,-0.437403,0.1372919,0.7343381,0.16608639,0.22213821,0.8797895,0.10916397,-0.31599167,-0.2300166,-0.17871161,0.49146545,0.20603761,0.024651617,-1.2535603,0.1884848,-0.14859095
205,-0.6405023,0.022123864,0.2961319,0.43707907,0.24652584,0.8462221,0.31267607,-0.66028315,-0.6079283,0.04653838,0.5377852,0.14133331,-0.17638421,-0.4132613,0.022693785,-0.30905432
778,-0.5724385,0.078238465,1.1532203,0.35378385,0.22599863,0.81059206,0.25728855,-0.1469602,-0.02705344,0.46921778,0.052480776,0.7429382,0.22844483,-0.5180218,0.011928618,-0.41714087
1129,-0.47094223,-0.10344161,0.72919047,0.84449273,-0.17302082,0.824382,0.20266077,-0.23991372,-0.47662678,0.48041543,0.13505,0.57066995,0.48120245,-0.44946462,-0.41430497,-0.5867725
1295,-0.6464597,-0.0020383846,0.8646051,-0.055215325,0.120519176,0.92600554,0.59652126,-0.1602576,0.42609462,0.008623718,-0.008904487,0.20561911,0.19520405,-0.20610322,0.13277131,-0.37336195
1335,-0.82434076,0.40981627,0.53207695,0.41785848,0.29428303,0.39174405,0.56461483,-0.63573825,-0.013983321,-0.14427537,0.4915444,0.6495927,-0.07951069,-0.7134378,0.33050168,-0.32312587
1994,-0.71243584,0.35094523,0.58789927,-0.48325354,-0.029544462,1.047007,-0.19040535,-0.51785207,-0.59098566,-0.693663,-0.20125206,0.016636988,-0.5974461,0.0035496904,-0.38194126,-0.939856
2096,-0.4231953,0.4361122,0.37675148,-0.172895,0.0728633,0.8910791,0.1420636,-0.7080593,-0.5306366,-0.41088155,0.19220224,0.19220561,-0.39029798,0.27669784,-0.4683689,-0.8764724
2165,-0.7909529,-0.11196758,0.7298542,-0.2079452,0.11205695,0.94182634,0.8147922,0.050249226,0.4651919,0.046397418,0.30155608,-0.15978403,-0.26432997,-0.49020213,0.28698432,-0.43278548
2204,-0.79898155,-0.64925766,0.85536814,-0.33114526,0.46540082,0.4117081,0.9430638,-0.40928352,0.35980457,-0.012577587,0.2900119,0.61226374,-0.55198956,0.2658675,0.28712848,-0.05997378
2378,-0.5499603,0.52504694,0.77769434,0.1434677,0.2338581,0.25848332,0.28497854,-0.6843796,-0.13972153,0.40797374,0.25300702,-0.84635437,-0.33287895,0.13475235,0.016553763,-0.52324396
3678,-1.1296957,-0.37657467,0.39543796,0.4484214,0.17646071,0.5851064,0.55512655,-0.105840735,0.29282176,-0.2393706,-0.14837767,-0.0042622034,-0.602529,-0.14846091,-0.25954917,-0.34936088
4427,-0.61014247,-0.5286944,0.45261496,-0.16799983,0.26322284,1.244727,0.84794205,-0.22940037,-0.41344923,-0.056542043,0.3649909,0.5202118,-0.19947506,0.04484847,0.2848237,-0.294891
5431,-0.8612865,-0.029590644,0.60709786,0.18702988,0.201716,0.51922315,-0.013266498,-0.9031161,-0.5938589,0.260472,0.539965,0.15406962,-0.45519966,0.22192095,-0.29392165,-0.45617253
6922,-0.46589303,-0.014545901,0.48055333,-0.19454308,-0.013509763,1.1998347,0.32563955,-0.33483097,-0.4876119,-0.70009243,-0.048704915,0.5186579,-0.22141704,-0.23464966,-0.34384924,-0.496937
6937,-0.5186062,0.48175126,0.6660296,1.1198496,-0.09605082,0.35006267,0.58213085,-0.3489914,0.53974324,-0.40042764,-0.32192925,0.7233743,-1.0764556,-0.24101484,0.36212647,-0.5975593
7111,-1.3357112,-0.16892086,0.35256147,0.61130416,0.08576232,0.3274673,0.24304919,-0.16967657,-0.058528867,-0.45639473,-0.04615907,0.116831765,-0.9324835,-0.7621304,0.17319009,-0.41621596
7220,-0.54576415,-0.29098737,0.10123187,0.073022224,-0.49676198,0.8620276,0.5552287,-0.98118955,-0.33283162,0.06782124,-0.1389689,-0.13477623,-0.0021434342,-0.034762383,-0.62030435,-0.60560614
11957,-0.6486433,0.57641166,0.8100838,0.24091111,0.07020341,0.40145457,0.8756558,-0.22180894,-0.14959855,0.36560237,0.3272814,-0.4127669,-0.22519907,0.094930805,-0.50001866,-0.5760418
17775,-0.740692,-0.22673522,0.56195605,0.7563159,0.70238996,0.8326971,0.7152476,0.6951056,-0.48566213,-0.7724254,-0.036085844,0.5064802,-0.41603613,-0.5758313,-0.20847915,-0.050835468
18419,-0.8262816,0.08805646,0.81988657,0.33414155,0.101919316,0.4837372,0.14293863,-0.76534927,-0.98824847,0.3038339,0.58468133,0.2395813,-0.6570215,0.046657868,-0.26110458,-0.25378713
20344,-0.79951525,0.083604366,0.30592585,0.533813,0.41619793,0.44274947,0.9219105,-0.21729589,0.3238904,-0.44724575,-0.27687487,0.31366375,-0.595117,-0.7882279,0.2784899,-0.1288684
23359,-0.8288534,-0.08491246,0.4220597,0.43135074,-0.028169973,0.5431382,0.97649175,0.20878653,-0.27609792,-0.24163385,0.70415676,-0.6960622,-0.65085953,-0.4872863,-0.26138458,-0.18439847
23873,-0.9471948,0.06387452,0.63078034,0.27585325,-0.5018303,0.51616627,0.21422182,-0.6929839,-0.29636902,-0.34825465,0.41842636,-0.26057586,-0.5176523,0.21271637,0.13154063,-0.47992492
26050,-0.5135345,0.23271778,1.072105,0.56931365,0.19348574,0.47975925,0.40452796,-0.19515976,0.1486849,0.6263443,-0.15125006,0.7489671,0.35832027,-0.331813,-0.46670735,-0.5549572
29899,-0.6961041,0.65492755,0.43862963,-0.15549572,-0.028332192,0.3346988,0.24405481,-0.50823826,-1.2261109,-0.2751272,0.22868894,-0.14784175,-0.50783134,-0.25359985,-0.6655553,-0.8219024
30368,-0.7963698,-0.18390946,0.21285827,0.5530697,0.14231437,0.7389664,0.7936086,-0.21076342,0.5244656,0.0048772055,-0.082587026,-0.22056031,-0.8127501,-0.3476503,-0.12529653,-0.42036307
31502,-0.8987281,0.51083595,1.0610639,0.16674767,-0.13792805,0.29780287,0.122104965,-0.7266002,-0.67064744,0.14511764,0.27920887,-0.4706227,-0.58071107,0.038430497,0.025367921,-0.31692445
38363,-0.7072707,0.11821132,0.8462099,0.520326,-0.35642436,0.6492439,0.43031418,-0.10905594,-0.27151608,-0.015153062,0.2090269,0.56291556,-0.7716452,-0.2220536,0.06911268,-0.5013453
38392,-0.7230984,0.31738913,0.7735646,0.74486357,-0.03096296,0.37814498,0.77339053,-0.09327987,0.070052646,-0.9327842,0.13028155,0.031220632,-0.9579165,-0.24782564,0.10802718,-0.003787508
38451,-0.47650847,-0.43529814,0.872761,0.70693475,-0.8177645,0.9355631,0.24152757,-0.42075226,-0.3631999,0.32643634,-0.15332624,0.74999297,0.41444796,-0.2918033,-0.5846754,-0.5882364
38467,-0.56818354,0.13612796,0.8299777,0.53582287,-0.41241127,0.8092947,0.36517414,-0.17228316,-0.18741684,0.028748011,0.122603185,0.48952836,-0.9491667,-0.27747613,0.065683275,-0.54606265
38470,-0.8630786,-0.14912853,0.32058278,0.7608001,0.25915027,0.49228776,0.80887496,-0.24765868,-0.14160709,-0.03457162,-0.54835653,-0.04611642,-1.3529699,-0.5328861,-0.09408582,-0.15631007
38475,-0.7060287,0.43992287,0.8722338,0.15043071,-0.05316236,0.5143637,0.8755072,0.029228056,-0.26700896,0.11833839,0.7205211,-0.4969351,-0.36110625,-0.15296483,-0.6244872,-0.45687678
38478,-0.5709972,0.15444575,0.48977083,-0.18736865,-0.28471595,0.8587094,0.080085345,-0.64957714,-0.43640298,-0.4715878,-0.20932509,0.2775853,-0.4665451,0.09990976,-0.9226472,-0.88156575
38487,-0.86980397,-0.2121684,0.5594711,0.70289546,0.08220041,0.6903221,0.51177883,-0.04604286,-0.16439316,-0.20225064,0.06398725,0.2696826,-0.7468657,-0.28094074,0.11385948,-0.24390091
38490,-0.6264784,0.12693325,1.1266714,0.19144145,0.5879002,0.6290959,0.42274937,-0.09756956,-0.10308236,0.32497936,0.16621083,0.8608519,0.009475351,-0.16645215,0.11133885,-0.3614731
38542,-0.2845023,0.02244733,0.56960857,0.21127097,-0.067471154,1.2340931,0.852084,-0.1677212,-0.4620043,-0.22697112,0.366923,0.5402874,-0.27456474,-0.30624604,0.13953634,-0.30783722
38547,-1.0209132,0.2034369,0.8308781,0.44672307,-0.24268824,0.31687045,0.4686589,-0.14286134,0.24952254,-0.6259604,0.45226005,0.7357274,-0.6887194,-0.5783228,0.20138058,-0.4920753
38568,-0.7040605,-0.14208506,0.2142133,0.76687646,0.21522672,0.6142177,0.66168016,-0.1446343,0.2586164,-0.5183951,-0.31496128,0.08040796,-0.89778924,-0.4777955,0.15657894,-0.23619655
38572,-0.53422546,0.13742717,0.82179064,0.46639794,-0.3968731,0.8435016,0.55421764,-0.10060215,-0.33459795,0.06352722,0.12120454,0.461567,-0.72663647,-0.19279873,0.06446054,-0.4298145
38575,-1.0150229,-0.27355233,0.7839435,0.24009794,-0.5470735,0.8478587,0.52641535,-0.34676132,0.64698565,0.13130336,0.054798678,0.071840845,-0.19330662,-0.5882934,0.27823603,-0.45441964
38586,-0.5835414,-0.4224266,0.6756309,0.80076945,-0.63398564,1.1018108,0.49077737,-0.24711858,-0.54902214,0.2818775,0.19842568,0.5888179,0.45473382,-0.30538085,-0.2431041,-0.4633592
30265,-0.023491744,-0.059835747,0.7642856,0.41010442,0.41768715,0.5254908,-0.08097683,-0.7024697,0.2958104,-0.999075,-0.6565155,-0.5786515,0.86372364,-0.20592351,0.43522638,-0.55679315
776,-0.5098285,0.10126376,0.6407551,-0.3179458,0.8397737,0.67483526,1.0853163,0.24222384,0.4012255,0.33415887,0.07569349,0.17212515,0.044220004,-1.0950527,-0.3220899,-0.42845297
1403,-0.5289497,0.39937353,0.40799567,0.02567393,0.7533206,1.1336534,-0.36301848,-0.31488264,-0.5017124,-0.63599074,-0.10624106,0.16271086,-0.37178758,-0.75587046,-0.05355539,-0.67711234
3301,-0.71481967,-0.21444824,0.33727366,0.18078601,0.9463563,0.5427489,0.4460372,-0.53158695,0.013963429,0.22934717,0.29049155,0.060132895,0.36149564,-0.4321367,-0.59502363,-0.23716697
6756,-0.35885724,-0.34753904,0.12093051,0.58370686,0.58156466,1.3236034,0.15257595,-0.6521913,-0.64419204,0.35492873,0.12396234,0.3512784,-0.23569794,-0.29850477,0.4363628,-0.39570192
39140,-0.526116,0.681258,0.48252305,-0.28348032,0.5485775,0.42580426,0.21459387,-0.94164693,-0.07031052,-0.5680448,-0.5781877,-0.44044343,0.36582106,-0.010198469,0.14879066,-0.7148736
656,0.3068413,-0.35307664,0.38242036,0.54015684,0.93832994,1.0274739,1.0066755,0.19966607,-0.32863864,-0.79407984,0.13064681,0.60788256,0.03888801,-0.9819371,-0.31365827,0.23518857
16448,-0.29215568,0.19051203,0.73104304,-0.06369032,0.5323404,1.180574,1.0261773,0.18883575,-0.028354557,0.35191408,0.07641585,0.6315781,0.20850287,-0.86260444,-0.07330278,-0.57662207
6752,-0.8582094,-0.19094332,0.73886997,0.937355,0.74104434,0.85794884,-0.10988614,0.42613837,-0.4145883,-0.63393605,0.09975212,0.29736346,-0.56829596,0.4030943,0.4443218,-0.40794548
10612,-0.8331718,-0.3760454,0.26795176,0.8186615,0.33386627,0.39857236,0.69264203,-0.41383326,-0.30781987,0.14642245,-0.76819485,-0.5438325,-0.43966034,-0.5142241,0.21819925,0.19975166
40967,-0.35383695,-0.037256505,0.45931953,1.0478231,0.05834602,0.6061124,1.0055298,-0.27543172,0.0043893084,-0.5813627,-0.45246425,-0.18636928,-0.847608,-0.3019126,0.06680017,0.27204883
49922,-1.1061847,-0.40038753,0.1524681,0.5156008,-0.072261676,0.59968895,0.592763,-0.0017710604,0.10337314,-0.67111754,-0.5583743,0.08264711,-0.8397523,-0.23225494,-0.3613705,-0.49807182
7814,0.12715688,-0.6591521,0.45323566,-0.030171605,0.035228804,1.0700527,0.22642894,-0.77491605,-0.24006529,-0.3335779,-0.41716695,-1.4260727,0.19628808,0.20271492,-0.2843902,-0.57185286
175,0.26222682,-0.9107515,0.5393267,0.52921647,0.19065788,0.06237815,0.42237595,-0.9510144,-0.1932277,0.090768516,-0.9526287,-1.0744337,0.25562167,-0.38255927,-0.10606544,-0.34854868
5893,-0.15957907,0.1313721,0.2507629,-0.21786588,-0.4355658,1.1359543,0.744594,-0.7289465,-0.39044335,-0.5426556,-0.28356913,-0.7720153,-0.02856215,0.14377376,-0.058542207,-0.5304376
7546,-0.19880188,-0.49338618,0.18986697,0.34772453,0.36672714,1.1724197,0.08261131,-0.33340514,-0.05675635,0.09212353,0.405374,-1.1779603,-0.08384584,0.27463794,-0.082304746,-0.93217367
10908,0.5503063,-0.9042733,0.44880584,0.3976105,-0.13772681,0.835418,0.13736051,-1.3283175,-0.20455867,-0.056827642,-0.54503626,-1.3574691,0.0801712,-0.355212,0.050762646,-0.6274071
11788,0.058640584,-0.2159639,0.50934696,-0.13424079,0.051042892,1.3000355,0.0797899,-0.6448086,-0.04628861,-0.7300532,-0.46521068,-0.9356303,0.2812336,0.046556696,0.21799651,-0.60573256
41537,-0.09071176,-0.58800197,0.9395623,0.10354713,0.092607476,0.6068705,0.06523211,-0.65916103,-0.28805324,-0.7185215,-0.36454263,-0.8068375,0.41638726,0.29168817,-0.91639024,-0.33460695
10933,0.3543455,-0.56441534,0.8982677,0.8861937,0.13263611,-0.012366562,0.055480406,-1.2290059,0.05294085,0.15579821,-0.8004752,-0.54986614,0.39217716,-0.10840762,-0.34790108,-0.7328809
10981,0.4644541,-0.8026557,0.711399,0.39327472,0.65531397,0.3518421,0.6639392,-0.7848457,0.42530128,-0.5743797,-1.3206285,-1.012425,0.67369866,-0.39452368,0.14806047,-0.49672338
10598,-0.5804139,-0.32236683,-0.14895995,0.24115343,-0.24366646,0.25720426,0.99330866,-1.1243466,-0.30756196,0.031195791,-0.73622185,-0.7973691,0.15051535,-0.285752,-0.29576713,-0.3647969
10942,0.46952593,-1.2154697,0.6210535,0.69618994,0.09431636,0.19416362,0.501377,-1.232411,-0.22545624,0.08657429,-0.95342314,-1.4280558,0.15995061,-0.26252535,-0.12600414,-0.55603045
10077,0.36290663,-0.13457552,1.367959,0.9196467,0.46537185,-0.19263926,0.03399879,-0.39604303,-0.8861157,-0.41465575,-0.63914657,-0.25007915,0.49218714,0.23801728,0.009350511,-0.5173271
10889,0.60011375,-0.9773123,0.58556443,0.7465976,0.0019646913,0.25369656,0.41386503,-1.3467511,-0.21201542,0.1693764,-0.8744586,-1.28397,0.08023876,-0.25787348,-0.13599007,-0.6098437
2061,-0.31527224,-0.5558517,1.1972334,0.5882897,0.1025416,-0.36716497,-0.15044846,-0.646441,-0.2107967,-0.6175688,-0.34470135,-0.58896506,0.871189,0.1382887,-0.40216994,-0.6609099
10957,0.36944056,-1.0495772,0.5948268,0.69876957,0.28186333,0.117507264,0.4976431,-1.0407249,-0.35808054,-0.014433677,-1.056358,-1.1974682,0.19771545,-0.48632568,-0.049462672,-0.39157426
10980,0.46657228,-0.4696747,0.27029455,0.5750652,-0.22136816,0.77183837,-0.17867294,-1.3988621,0.1788654,-0.53521365,0.10894266,-0.68639815,0.14784676,-0.6429543,0.54362315,-0.61200464
10090,0.48148215,-0.28790152,0.9904266,0.4915287,0.5193558,-0.14165224,-0.22517361,-0.8376029,-0.043137,-0.4112707,-0.96747744,-0.30389023,-0.07504767,-0.13604468,-0.9141854,-0.9153672
10915,0.2866433,-0.97174925,0.6222531,0.5091313,0.17053095,0.054778147,0.60074735,-1.1427461,-0.16668138,0.09574309,-1.080582,-1.2244511,0.35381362,-0.46611136,0.08138665,-0.43277475
10870,0.25331855,-1.1432679,0.63638437,0.57643074,0.06337373,0.15385859,0.50481623,-1.0306234,-0.29156458,0.081516,-1.1601069,-1.2325435,0.29558226,-0.4676796,-0.14190617,-0.43807057
10923,0.96232224,-1.432755,1.161124,-0.060581546,0.47141975,-0.40983492,1.3107896,-0.61232954,-0.27957717,-0.106263794,0.15742038,-0.85440594,-0.09428067,-0.7440369,-0.06845307,-0.52976483
1649,0.25652808,-0.030452078,0.8288881,0.84324765,0.53325677,-0.2933697,0.31747174,-0.9037892,0.034057822,-0.0016158521,-0.30503795,-0.9059748,0.36344704,0.038474515,-0.3629291,-0.61388856
10073,0.25086784,-0.7353326,1.099245,1.0258696,0.24173686,-0.25698563,-0.19706503,-1.4154736,-0.2901707,0.27371505,-0.7739347,-0.025777202,0.33526012,-0.018241474,-0.32253793,-0.62213844
10884,-0.0025596663,-1.2727225,1.0017216,0.7969353,0.15693799,-0.0051816185,0.17541948,-0.55959857,-0.44055006,-0.1941302,-1.0427418,-1.2660403,0.6765075,-0.26762593,0.09435946,-0.6391595
10898,-0.17283057,-1.2056366,1.2245003,0.8915914,0.13813415,-0.048768815,0.021890162,-0.39512318,-0.48827618,-0.2260198,-0.9797792,-1.1065357,0.8362164,-0.10505154,0.19006132,-0.606425
10901,0.22849421,-1.0814041,0.6564917,0.6298727,0.09320802,0.054260045,0.4895739,-1.0463611,-0.3914321,0.022146767,-1.0402765,-1.2584037,0.26082256,-0.46856895,-0.072398975,-0.34200254
10910,0.48171753,-1.1478735,0.6892536,0.65956163,0.051995106,0.25089222,0.4908853,-1.2749653,-0.1805361,0.04429051,-1.0341393,-1.3751583,0.17148624,-0.33900276,-0.16478884,-0.4996169
10925,0.2610632,-1.0214775,0.7315366,0.52791464,0.07971166,-0.00876421,0.52711886,-1.0327576,-0.27820164,0.114663675,-1.0158188,-1.2876145,0.2701217,-0.48523888,-0.09639238,-0.45318154
10941,-0.060210895,-1.0596473,0.6518908,0.6864672,0.37125084,-0.9556738,0.30502993,-1.5414349,0.07034499,-0.24612191,-0.13621294,-0.71032697,0.5670832,-0.4522981,-0.22074859,-0.6532139
10946,0.51960146,-1.1790204,0.58151746,0.579006,0.007881254,0.46572483,0.23428077,-1.3781788,-0.33631647,0.007338485,-0.79737496,-1.3726324,0.06549709,-0.39401153,0.0019287841,-0.53210753
10962,0.45867825,-0.039594874,1.2906839,0.19998954,-0.030107105,-0.22484447,0.7387374,-0.42602846,-0.7378873,0.06667828,-0.37690398,-0.8356437,0.8004097,-0.28850812,-0.44260877,-0.7070422
10974,0.3842354,-1.0007803,0.56073475,0.6637874,0.19006827,0.09352512,0.434042,-0.9642316,-0.33895636,-0.10702124,-0.97262466,-1.2210449,0.26761955,-0.51403743,-0.06319248,-0.5105916
7386,0.33509824,-0.10114745,0.3372983,-0.0020379731,-0.37016073,1.2421638,0.14617026,-1.1468896,-0.093080916,-0.8206879,-0.249999,-0.87956184,0.20338972,-0.33328497,0.3354292,-0.6954113
6020,-1.0618565,0.31323737,0.798822,0.08786511,-0.37356177,0.20362933,0.12310935,-0.81272614,-0.3469347,-0.5115537,0.08970279,-0.507807,-0.26003948,0.33630267,-0.007635203,-0.3834212
11543,-0.20029038,0.7012877,0.14103916,-0.28901693,0.35257077,0.73900926,0.5563972,-0.93911916,-0.5039081,-0.44125238,-0.34184614,-0.47340113,-0.012885363,0.37235802,0.19992594,-1.1655358
10698,-0.69165003,0.4332534,0.097323045,-0.13521194,-0.13444608,0.07527206,1.0647099,-0.9987509,-0.65420675,-0.22151038,-0.48048538,-0.71134627,0.29903495,0.049216878,0.24089722,-1.0682862
1864,-0.11118878,-0.062279202,0.3493731,0.37739217,0.46567538,0.9250447,-0.2886379,-0.38204437,-0.059040397,-0.02568009,0.7470668,-0.64184904,-0.41050225,0.46239322,0.07383322,-1.5397369
30192,0.15602015,-0.28893784,0.2402817,0.67297924,0.86970747,0.9595092,-0.31247202,-0.19280434,0.057461414,-0.18260679,0.49545613,-0.6741759,-0.4271811,0.4742591,0.16418397,-1.5561055
15773,-0.1076871,-0.4348637,0.34765875,0.46061817,0.62593096,1.0873435,-0.12990735,-0.07479964,0.10087751,-0.1829176,0.6418252,-0.9192778,-0.20093931,0.48424324,0.21166229,-1.4320292
527,-0.59596294,-0.1355567,-0.26423496,0.71895415,0.26495984,0.58455926,0.28480548,-0.8494091,-0.17894901,0.1618704,0.29172426,-0.22680299,0.033558205,-0.26711407,-0.34937325,-0.6631681
39594,-0.025759725,-0.05286213,1.1357992,0.006717732,0.36031625,0.34630537,0.058491457,-0.7606107,0.3153147,-0.92216337,-0.54242194,-0.02582588,0.4759449,0.502787,-0.20828766,-0.4635759
10132,0.22923112,-0.7063577,0.9933798,0.33673272,0.31396767,0.29820746,-0.101469494,-0.5527038,-0.4288169,-0.8903154,-0.53902036,-0.5359702,0.5512481,-0.07817994,-1.2598375,-0.6477093
100826,-0.1857387,-1.4319286,0.9488057,0.3944912,0.84596854,-2.0521312,0.87232393,-0.92050344,0.044253267,-0.5642099,0.2510203,-0.5067988,0.20045416,-1.4578825,0.4592254,-1.7715793
106062,0.12221623,-1.5023763,1.0011269,0.76625365,0.46990648,-1.6450208,0.7106133,-1.0042201,-0.020373326,-0.33911452,0.34710872,-0.72633415,0.42916664,-1.5233898,-0.017337307,-1.1944132
110961,0.10148137,-1.3123081,1.2222528,0.22905861,0.7708733,-1.8943189,0.971307,-0.579594,0.4788629,-0.66736895,0.28290874,-0.77187526,-0.17041345,-1.5645401,0.49647143,-1.9220804
138774,-0.23237605,-1.2756112,0.90587145,0.16344877,1.063498,-2.1283305,1.0273342,-1.1513009,-0.033497233,-0.5735391,0.22484459,-0.15338948,0.1661553,-1.3425975,0.6216772,-1.7238864
56832,0.85281116,-1.5308118,1.11342,0.5378891,0.7151716,-0.8518324,0.8169697,-0.485563,-0.09997375,-0.14508235,0.58389294,-0.37689736,-0.012859431,-1.3672388,0.009703134,-0.9432355
89832,-0.07700193,-1.2890399,0.8403913,0.8051297,0.44786906,-1.3806263,0.46807882,-1.3862077,0.12479127,-0.33415174,0.1755025,-0.93909544,0.6591709,-1.025311,-0.073638774,-0.8635026
141299,0.037079588,-1.5334526,1.0032607,0.88929075,0.6305293,-1.7533633,0.6110131,-1.1182711,0.009188435,-0.27155975,0.4440791,-0.8278994,0.36161345,-1.5740204,0.11978939,-1.2957547
119625,0.48584166,-1.0419751,1.3327789,0.02546388,0.76581496,-1.2640841,0.90726584,-0.25800192,0.7487982,-0.6772102,0.46178862,-0.8861481,-0.29974928,-1.3369776,0.38145232,-1.5701227
176813,-0.05091437,-1.3466103,1.3458366,0.22293456,0.8273651,-2.0470974,0.9838405,-0.6669049,0.7301736,-0.60054123,0.36379546,-0.8118903,-0.10713906,-1.6326442,0.65364033,-2.1217952
73339,-0.25946322,-1.0438619,0.89419794,-0.0049048923,1.3247077,-2.073609,1.2054472,-1.0909302,-0.13758564,-0.6133804,0.22181158,0.21458732,0.113580115,-0.9527173,0.6599619,-1.6018453
112795,1.1862572,-0.9657049,0.7641597,-0.14035012,0.33775374,0.17179818,0.32099363,-0.95266086,0.13474232,-0.977556,0.60248494,-0.06967346,-0.10374805,-1.4740152,0.11199565,-1.0748769
40103,1.0720454,-0.75173825,0.5221085,-0.11196531,0.1013754,0.43556577,-0.017993122,-1.2135522,0.0959831,-0.94948816,0.26019067,-0.16688275,-0.3043018,-1.4441905,0.21502827,-1.0094192
55066,1.0040553,-0.9124737,0.9442882,-0.09917477,0.41667867,-0.10964179,0.59670216,-0.49599046,0.1097345,-0.80530745,0.71992,-0.10882301,0.06986208,-1.3416353,-0.022297755,-0.87546575
132994,1.2841711,-0.9451968,0.4170682,0.07766074,-0.09003748,0.48352447,0.088784136,-1.2674195,-0.11859496,-1.2233204,0.13382769,0.10480613,-0.44986153,-1.7560471,0.423692,-1.6281648
119261,1.4068577,-0.81371003,0.4307172,-0.03735964,-0.29078385,0.47881907,0.2738578,-1.4072556,0.07664457,-1.1558247,-0.0316074,0.21689522,-0.45292148,-1.7294242,0.45129278,-1.889319
44905,0.5610963,-0.5288319,0.514537,0.28977504,-0.107793644,0.9515652,-0.21063195,-1.2765684,0.0708292,-0.4570056,0.2883563,-0.41516075,0.21934827,-1.6933044,0.72522044,-0.6979989
132986,1.3573976,-0.9452761,0.4248444,0.24553084,-0.22626089,0.3497746,0.12662128,-1.1381116,-0.3780919,-1.5689769,0.029282143,0.09759287,-0.6374184,-1.8432494,0.572715,-1.7848368
40548,0.38386625,-0.75727284,1.3288633,-0.8087163,0.37658283,-0.072420225,0.689807,0.051949553,0.08688972,-0.00845799,0.46878588,-0.17066891,-0.3507294,-1.2268243,-0.50990903,-0.84041345
88035,0.95331204,-0.8614516,1.1400558,-0.03571926,0.8978893,-0.6332582,1.2106051,-0.63130313,-0.20972458,-0.68743694,0.51190525,0.032506432,-0.00533372,-0.8302079,0.23021036,-0.5916608
89705,0.83932537,-1.1332695,1.1876993,-0.16396894,0.6412706,-0.59229565,1.0354793,-0.16204113,0.2111726,-0.59825635,0.3858905,-0.5281377,-0.1963033,-1.2771201,0.0668266,-0.9796254
88099,0.91542244,-1.0081209,1.3641684,0.21022554,0.65804774,-0.5898253,0.6903936,-0.0665095,0.39559346,-0.26469058,0.6278451,-0.25019625,0.043001577,-0.8938319,-0.06789609,-1.2604805
138466,1.1354653,-0.97390026,1.1936853,0.05024426,0.7294077,-0.40582857,0.85049313,-0.4107897,0.16002735,-0.7192654,0.760008,-0.0400919,0.052903045,-1.1191432,0.18456031,-1.1458203
10617,-0.239861,0.2871198,0.5632495,1.3374542,0.13827108,0.352702,0.4528908,-0.3370776,0.44456598,-0.63638824,-0.53395563,0.44011998,-0.9747776,-0.14464276,0.36724344,-0.28362972
6000,-0.15490493,0.8265149,0.671746,0.7695756,-0.17319712,0.40837803,0.42906833,-1.1037012,-0.098426595,-0.5583427,0.40654424,0.17324947,-0.33443242,-0.029164312,-0.46621403,-0.2723613
56723,0.39106223,0.18065105,1.0580286,1.3725427,-0.18178783,0.38770702,0.5985586,-0.848939,0.42014423,-0.80383885,-0.21347177,0.024798186,-0.18778066,0.018003985,0.040473513,0.1779569
39149,0.1278011,0.20277527,0.68851507,0.9213749,-0.28767627,1.0476468,1.0806478,-0.4929379,-0.008141699,-0.67694664,-0.04306027,-0.00655854,-0.47137854,0.13227671,0.14784792,0.18697935
10039,0.2634218,-0.07141692,0.95363873,1.1116834,0.60689336,0.11587671,-0.0049484856,-0.89963883,0.19382942,-0.32097703,-0.4530662,-0.39850104,0.43786815,0.003722755,-0.003935348,-0.41918686
25024,0.5091774,0.025919862,1.058537,1.284665,0.35651326,-0.034083072,0.4590094,-0.3160357,-0.114230454,-0.2589772,-0.43504852,-0.37691942,0.09773288,0.45520884,-0.7052229,-0.53377366
1850,-0.049052518,0.18150099,0.7252135,1.2387073,-0.24476637,0.5725555,0.9721853,-0.53619874,0.0687232,-0.9117995,-0.1430136,-0.22928032,-0.64442396,0.13722591,-0.06360861,0.3386432
1901,-0.2199464,0.08879018,1.1753211,0.70246273,-0.025533745,0.57464033,0.75519234,-0.39433426,0.77070284,-0.4761538,0.015589072,0.14803798,-0.011599553,-0.08381055,0.3154837,0.15052924
5917,-0.26646426,0.3604706,0.54684424,0.91588867,-0.159288,0.5554826,0.7767762,-0.6192188,-0.014398191,-0.84987396,0.44813138,-0.15716316,-0.57032853,0.12582248,-0.012743823,0.080427535
10015,0.23893906,0.25104383,0.4178736,1.2228863,0.18993825,0.16569044,0.53036153,-0.76896834,-0.42365947,0.011928504,-0.031694606,0.16300793,0.6368602,0.12947609,-0.19192165,-0.67568123
17865,0.31932285,0.065502904,1.3043627,1.2514201,0.30714908,-0.24420792,0.0926811,-0.41441602,0.23977868,-0.43480855,-0.37307787,-0.52510357,0.14240286,-0.016306505,-0.13337684,-0.41015828
46159,0.66177315,-0.020230642,0.6477663,1.1346081,-0.29351756,0.7865014,0.15804733,-1.1678026,0.35376745,-0.77491075,0.01798071,-0.43465912,-0.14423792,-0.5219996,0.40751126,-0.18271166
55245,0.36950856,0.10692712,1.0690306,0.76972103,0.18388233,0.56531423,-0.23153985,-0.9624574,0.52557003,-1.0209161,-0.4085009,-0.3480279,0.14887296,0.16278191,0.63026077,-0.49229392
39076,0.010885382,-0.14158383,0.11577815,0.89203995,0.6489848,0.97724044,1.2216977,-0.0065043187,-0.030689316,-0.6764526,-0.32698476,0.31851694,-0.6789761,-0.98938686,-0.0028806047,0.1720634
61998,-0.8788012,-1.0762643,0.82375455,-0.49107513,0.42935756,0.14375478,1.0719607,-0.59865713,0.2399767,0.063535206,0.22584422,0.74590725,-0.8111084,0.46232748,0.09098711,-0.08939129
42699,-0.53170675,-1.2773892,0.8310931,-0.6492212,0.6696777,0.011545828,1.0442637,-0.61242926,0.18119033,0.059903186,0.36945227,0.7410387,-0.52761966,0.27006346,0.13696209,-0.18572631
6977,-0.7680268,-0.56524014,0.70395213,-0.49620175,0.93864536,0.3627851,1.0811175,-0.27278915,0.46654284,0.13342018,0.09836813,0.5267693,-0.5640577,-0.123579755,0.26442412,-0.13383874
133042,0.16027914,-0.97686934,0.9437038,-0.6470179,0.8109021,-0.7442778,0.8081768,-1.2193611,-0.26511994,-0.560108,0.20127285,0.7113543,-0.47608086,-0.05875077,-0.11411996,-0.58000916
136238,-0.66937166,-1.3790348,0.8358766,-0.61149734,0.87531126,-0.060614396,1.2372273,-0.6852545,0.2029428,0.12341944,0.33962995,0.7966362,-0.5642866,0.38815022,0.11147418,-0.24563953
136239,-0.5724475,-1.3407564,0.8631957,-0.5549579,0.8323451,-0.02942609,1.1178019,-0.7010105,0.2759587,0.11572841,0.3947781,1.0059764,-0.51308036,0.3984005,0.12783037,-0.36806858
19728,-0.23693354,-1.854378,1.4474605,-1.0989609,0.33923674,0.25582227,0.99532074,0.3779318,-0.40553093,0.07919121,0.07956625,0.3990501,-0.79916143,-0.808592,0.5838534,-1.3335924
55064,0.024602305,-0.99540764,1.3340086,-0.34391975,1.0839955,-0.57829565,0.6394571,-0.94695437,-0.37505376,-0.6848067,0.15113299,0.5226254,0.01678421,0.39336678,0.45839724,-0.325572
55244,0.37615636,-1.3771371,0.9663207,-0.22370982,0.5452891,-0.705427,1.3662869,-0.8908873,-0.13401523,-0.5537284,0.36408678,0.35980657,-0.04436401,0.17808194,0.069358744,-0.63977766
36714,0.5132665,-0.17298554,1.3692209,0.9142176,0.94087416,-0.25853434,-0.30927935,-0.106759764,0.587399,-0.08176517,-0.18510573,-0.54471576,0.18493392,-0.16181546,-0.27404585,-1.5409473
10147,0.43066403,-0.16864489,1.2910676,0.85877055,0.7927573,-0.28513464,-0.3382342,-0.18406303,0.49477214,-0.11854342,-0.158289,-0.46723032,0.19917443,-0.11735243,-0.3214868,-1.2786548
54921,-0.06866663,-0.5092796,1.5572114,0.7308339,0.6265809,-0.14819881,-0.56423753,0.014371435,0.3053672,-0.49650297,-0.53973526,-0.9059811,0.8371302,-0.20079188,0.13620377,-1.3596574
25035,0.49375153,-0.21401313,0.9106245,0.61887795,0.9362819,0.20112352,0.28559443,-0.6250329,0.52688944,-0.74341464,-0.650631,-0.25741732,0.7040072,0.059672296,-0.3122856,-0.7277619
39601,0.13111888,-0.23188333,0.8122304,1.1450069,-0.23982325,-0.1009079,-0.17921095,-1.1715951,0.2134264,0.45664313,-0.37733784,0.20344716,0.37541857,-0.23832212,-0.5262243,-1.0173534
7149,0.1688534,-0.4051602,0.48646867,0.76412076,0.57271236,0.6831031,-0.2716441,0.048360307,0.18704687,-0.27605343,0.716717,-0.5444826,-0.20901437,0.66086507,0.0237894,-1.6828786
10002,0.36326888,-0.121999435,1.3147779,0.87059504,0.5740408,0.1130216,-0.111999474,-0.5608472,0.39090493,-0.695033,-0.47614345,-0.35048202,0.5222251,0.15259205,0.13562597,-0.63427097
42024,-0.005285213,-0.18298037,1.0238526,0.6713485,1.046671,0.040578254,0.11186215,-0.63371736,0.41427836,0.001190877,-0.15901947,0.10889405,0.7112985,-0.21744505,-0.5481328,-0.38047877
88110,0.5265862,-0.577492,1.2933916,0.9093321,0.87950903,-0.32364544,-0.4618487,0.060095582,0.4517275,-0.009429737,-1.233272,-0.20078254,-0.263228,-0.14906769,-0.6677706,-2.3043218
46313,0.03337096,-0.32317987,0.47633377,1.0549114,1.0779997,0.39090765,-0.5901749,-0.12927607,0.3303927,0.02074349,0.3442296,-0.6313684,-0.16174532,0.15297768,-0.22205082,-1.5740967
55275,0.50449616,-0.26400036,1.4235079,0.9950749,0.9164231,-0.28475046,-0.4058861,-0.24373294,0.52544487,-0.17622031,-0.109860696,-0.54412085,0.20874365,-0.10001103,-0.39925715,-1.3997176
46030,0.5023647,-0.32537538,2.2678936,1.2266928,0.5814995,-0.33610278,-0.584893,-0.020654455,0.7913591,0.11028418,0.058759335,-0.6341923,-0.11882407,0.0016639029,-0.21291244,-1.4048785
39557,-0.028602012,-0.23618492,1.4116313,0.49226478,0.7870867,0.02980386,-0.10637296,-0.4874451,0.5398101,-0.45104012,-0.31575823,-0.1817216,0.7037569,0.18060577,-0.38156947,-0.69072795
10052,0.08386274,-0.085114166,1.1864429,0.7763893,0.813622,-0.6690888,-0.26815417,-0.7860592,0.19996674,-0.42664087,-0.46212038,-0.9734241,0.052410472,0.023548394,-0.93266034,-1.191434
88096,0.48142377,-0.5126538,1.3080221,1.084149,0.92651033,-0.30773336,-0.3702621,0.2155692,0.5861696,0.07007946,-0.95010996,-0.20278722,-0.11975934,-0.17882815,-0.5051552,-2.2182941
53815,0.32029918,-0.33241528,1.7939361,-0.07128898,-0.75745875,-0.3915808,1.1937532,-0.008653466,-0.53376704,0.5315211,1.0687602,-0.98356485,-1.4232521,-1.0157773,-0.2994249,-1.4950708
37048,0.41822922,-0.2156209,1.8400753,-0.17886272,-0.68757343,-0.24937804,1.1478044,-0.030087769,-0.6214542,0.47882545,1.0721248,-1.0313214,-1.4302382,-1.0024314,-0.27428767,-1.4824752
43034,0.01842762,-0.27569795,1.4075986,-0.30314413,-0.3345341,-0.16213073,0.82188857,0.019699879,-0.570613,0.16647722,1.0704464,-0.9881606,-0.63433963,-0.9320816,-0.50932705,-0.85429966
20735,0.4317808,-0.28599817,1.8497117,-0.050154034,-0.77573204,-0.21854343,1.2746084,-0.018436084,-0.44560772,0.62186265,1.023136,-1.1056035,-1.4687977,-0.95877147,-0.29732755,-1.4271928
53952,0.35692656,-0.33029452,1.8807281,-0.15599343,-0.7316878,-0.29794848,1.2190672,-0.025539225,-0.44499817,0.52092814,1.1291211,-1.0561496,-1.4180772,-0.9896394,-0.32048774,-1.4771364
111736,-0.23485959,-0.30955657,1.3641274,-0.17171526,-0.30591148,-0.05426963,0.7869035,0.08724531,-0.7942767,-0.012390729,1.523158,-0.98628235,-0.5931337,-1.0090396,-0.6594106,-0.7341801
40462,-0.4091957,-0.02929606,0.78052044,-0.1132192,-0.38132614,0.2979558,0.6062063,-0.011418607,-0.9339953,0.037681837,1.2389771,-0.6963862,-0.50473464,-0.7175935,-0.54408914,-0.6496746
111331,0.2907042,-0.37133026,1.7895986,-0.0047610626,-0.72355604,-0.24510214,1.0339646,-0.013762474,-0.5807282,0.6039367,1.0344166,-1.1358593,-1.2589698,-1.0035394,-0.3622226,-1.297114
105260,0.37419325,-0.6068093,1.6621724,-0.65223074,0.13021334,-0.2921636,0.81113964,0.11994789,-0.48430258,0.055390287,0.6032795,-0.6670389,-0.33608192,-1.1874795,-0.67423946,-0.9446116
23832,-0.30815774,0.26668218,1.0337678,-0.25328657,0.062479857,0.3692864,0.6864481,-0.06381834,-0.3394247,0.3214431,0.9042065,-1.1738555,-0.4124058,-0.42846859,-0.26170042,-0.5887274
933,-0.50751954,0.22662352,0.9639568,-0.021926224,-0.052325588,0.36400595,0.59671307,-0.052695762,-0.62487036,0.07358309,1.0536216,-0.83242834,-0.388271,-0.71587193,-0.5650969,-0.3134921
133612,0.46658757,-0.6783653,1.7103492,-0.6599903,0.045952924,-0.13482882,0.90498567,0.25547722,-0.62043464,0.022700202,0.44139445,-0.63465124,-0.32283607,-1.1756641,-0.76535517,-0.8863592
102873,0.3108757,-0.6229536,1.6558355,-0.7161301,0.05099299,-0.1505753,0.8782542,0.13941431,-0.56959033,0.087061234,0.5284886,-0.6759275,-0.27212316,-1.1930782,-0.57058066,-0.80625546
136636,0.23179626,-0.56283635,1.7096025,-0.41334823,-0.1258539,-0.25651836,0.9400235,0.01639993,-0.6721255,0.11299298,0.72396165,-1.0196223,-0.2870074,-0.9420246,-0.5852112,-0.68188745
136637,0.022640932,-0.2600315,1.6722146,-0.51975447,-0.2909526,-0.09193747,0.86487174,0.038016632,-0.77343446,0.090769015,1.155913,-1.0165466,-0.7718158,-1.0465224,-0.40760386,-0.94154936
43031,-0.36749348,-0.119601324,1.1158364,-0.13735344,-0.25506735,0.21706109,0.612369,0.0806422,-0.8439551,0.024455868,1.358146,-0.88645095,-0.44167438,-0.8939909,-0.727748,-0.6723852
43063,-0.3369572,-0.17282519,1.0952196,-0.059076022,-0.23978256,0.12463442,0.642075,0.120658614,-0.92585003,-0.05403259,1.4922307,-0.99897355,-0.50677794,-0.983381,-0.6675709,-0.69755465
89675,0.5318998,-0.7002171,1.6659161,-0.48875785,0.10345086,-0.28390962,0.9879914,0.05312035,-0.6891132,0.14097427,0.27982008,-0.88422734,0.025084043,-0.941815,-0.5111792,-0.7033057
111330,0.35266933,-0.22431505,1.9074844,-0.06543024,-0.6809746,-0.17818181,1.1294513,0.07644644,-0.48495102,0.5137569,0.9964666,-1.0695043,-1.3229295,-0.97371835,-0.299631,-1.1988991
27236,-1.2321932,-0.24518509,0.049790483,0.28392416,-0.046840396,0.5663813,0.364366,-0.16272192,0.12618488,-0.9179518,-0.6301244,0.07594491,-0.8260627,-0.32162416,-0.6673412,-0.7848505
5515,-0.7100508,-0.20138876,0.00073796796,0.54034865,0.5054957,0.6558517,0.07717872,-0.8182359,-0.015406195,-0.09709986,0.36917877,-0.38038296,-0.5038011,-0.059096634,-0.4683882,-0.56130844
30693,-0.98588544,-0.16882847,-0.24113455,0.35651755,0.29785115,0.57654536,-0.050821085,-0.8529775,-0.18719389,-0.4354666,0.085941404,-0.12501544,-0.37038156,-0.29955712,-0.66889274,-0.8351522
10679,-1.1515881,0.42084265,0.36952627,0.4085584,0.42336574,-0.13181323,1.2134315,0.006095541,-0.879737,-0.49675936,-0.5212447,-0.22088139,0.101179354,0.014272327,0.7859746,-0.36289445
4633,-0.6840744,0.80804354,0.09451685,0.30992737,0.110343836,-0.25114554,1.0336498,-0.70509946,-1.1166914,0.058461614,-0.30770487,-0.21476662,-0.1067201,-0.15629809,0.04232921,-1.270592
7564,-0.8517724,0.004846205,0.68255734,0.07706107,0.6551874,0.41383827,-0.01425878,-0.82980305,-0.11562589,0.2824081,0.408972,-0.21892177,-0.672576,0.38984507,-0.023430407,-0.44704968
40536,-1.0249429,0.33345833,0.9741817,-0.072868116,0.8435453,0.5798803,0.693891,0.4945109,0.27467906,-0.2148301,-0.14295605,0.08112914,-0.63226074,-0.8112796,-0.4356122,-0.36183488
16563,-0.15861629,-0.81711376,1.4503263,0.2752381,1.0975802,-0.29899365,0.18009947,-0.66337645,-0.7736118,-0.27854994,0.052391056,0.6330673,0.19196934,0.49807462,0.5195691,-0.035046864
39582,-0.17574787,-0.27411935,1.2202575,0.6042463,0.55538183,0.1275364,0.06904285,-0.42636016,0.48921043,-0.7164043,-0.19286397,-0.0200431,0.705102,0.518719,-0.13817178,-0.51259744
39746,-0.10570683,-0.769901,1.2082593,0.1274794,1.4202898,-0.17839935,0.3592132,-0.7391324,-0.6315081,-0.66311383,0.6863402,0.60687655,-0.036432125,0.49183437,0.5211889,-0.0053839213
42696,-0.22102118,-0.14601538,0.517785,0.35565138,0.63737845,0.9365083,0.030784557,0.07144069,0.075047396,0.008630716,0.95092684,-0.6477407,-0.12513153,0.489547,0.3559074,-1.3505937
39075,-0.042676568,-0.2700186,0.33818743,0.11435418,0.92697567,1.1804848,1.1677154,0.2141173,-0.1615897,-0.26057833,0.29739174,0.43026268,0.0029422853,-0.95325613,-0.5288554,-0.058679704
607,-0.48651424,-0.22458269,-0.07969585,0.5761746,0.47301382,0.73501146,-0.0053791394,-0.84536314,-0.1818312,-0.05524173,0.58780056,-0.3371887,-0.2604893,-0.04333408,-0.15440859,-0.7263812
26109,-0.0651805,-0.47419026,0.05327908,0.8807348,0.5268777,0.6269356,0.07221552,-0.37000114,0.22731493,-0.37824932,0.7092567,-0.28149053,-0.024606757,0.69145554,-0.24699518,-1.2438107
40119,0.45593673,-0.5739205,0.99194354,-0.92306465,0.6889248,-0.35308132,0.27734628,-1.1082015,-0.19597146,-0.56243247,0.22559959,0.5455111,-0.81428623,-0.45289806,-0.67963415,-0.73802125
130253,0.5245332,-0.53998125,1.2013892,-1.0607919,0.5984083,-0.08689109,0.16841817,-0.6841429,-0.090589866,-0.4326167,0.27748355,0.17397827,-0.864649,-0.76638126,-0.8616314,-0.82564235
89652,0.55262697,-0.9960175,1.2263606,-0.27568546,0.9298083,-0.90803325,1.2015464,-1.144271,-0.4481909,-0.5615562,0.2522404,0.6240048,-0.1621509,-0.15909484,0.4673284,-0.6670144
79475,0.36146212,-1.1657847,1.2440901,-0.09978619,0.7012032,-1.0284653,0.990922,-1.2658507,-0.5842656,-0.4643261,-0.13703214,0.88023573,-0.22884147,0.072343044,0.48780918,-0.7561211
88939,0.1871204,-0.5621316,0.7233064,-0.3902925,1.0570163,-1.1380775,1.2772822,-1.0180627,-0.52408636,-0.56756455,0.17364648,0.3336203,0.17988007,-0.2057638,0.28060043,-0.9752227
107677,-0.058538467,-1.4036969,0.9007818,-0.25177324,0.7121911,-0.94253206,0.76712406,-1.3514241,-0.40781617,-0.7563019,-0.010242642,0.28788355,0.15560399,0.2430347,-0.13816816,-0.66047096
88038,0.2834653,-1.0010455,0.7008831,-0.20613928,0.9466032,-0.6503005,1.0383931,-1.0325036,-0.37834778,-1.008368,0.018163502,0.65363336,0.11807924,-0.019671328,-0.20918313,-0.5205087
139459,0.46970445,-1.1010151,1.4203111,-0.26786828,0.8966628,-0.77099645,1.0217048,-0.98034877,-0.5435913,-0.8987286,0.6439234,0.39914128,-0.4003687,0.016675623,0.600503,-0.3763025
14329,-0.26915753,0.09284325,0.4686006,-0.32471076,0.67407614,0.3619135,-0.40990016,-0.85980576,0.34454495,-0.8591361,0.21456656,0.26734167,-0.8586546,-0.6145035,-0.22103073,-0.661126
103983,0.4529946,-0.31623855,0.8123769,-0.45516613,0.5714239,0.20714043,-0.26163316,-1.0496029,0.055816486,-0.8803896,0.13909046,0.33942112,-0.91505945,-0.60167116,-0.8561755,-0.62494963
130252,0.5224522,-0.18429856,0.6740624,-0.42946085,0.61439645,0.28020638,-0.1820039,-1.0907459,0.14180301,-0.8024939,0.12618652,0.33571523,-0.9843934,-0.61268646,-0.8399447,-0.67145735
109329,-0.16730526,-2.0796182,1.8927802,-1.1005249,0.114275284,0.49276772,1.266989,0.7594011,-0.57153416,-0.196065,-0.19704044,0.4807862,-1.144402,-0.6585614,0.9805739,-1.6523937
99790,-0.21558501,-1.8664098,1.5359029,-1.0402111,0.126999,0.726651,1.0894823,0.7141484,-0.3720106,-0.25252652,-0.12759848,0.40357706,-0.94986254,-0.59892076,0.9893221,-1.5062099
28133,-0.3335213,-2.188795,1.9683756,-1.1414202,0.07109112,0.39190707,1.0597429,0.72243446,-0.47747195,-0.17401841,-0.21186662,0.30055726,-1.0816475,-0.71765655,1.0660821,-1.7113335
109330,-0.29952237,-2.1699946,1.8740722,-1.1501034,0.0040736976,0.41676196,1.187403,0.7092696,-0.514332,-0.17118448,-0.337028,0.27913398,-1.049614,-0.7328834,1.0231234,-1.7073833
15347,-0.13421176,-1.9539725,1.687617,-1.1762165,0.294689,0.6247307,1.0883272,0.46557724,-0.4086533,-0.057527006,-0.13660297,0.42124662,-1.0939797,-0.6569364,1.0547692,-1.5893574
95890,-0.4780474,-1.5131849,1.1486248,-0.9044326,0.26922986,1.0789788,0.782235,0.39722258,-0.09669986,-0.0012659531,0.037152443,0.3608453,-0.7714428,-0.34013322,0.87303835,-0.8573141
109332,-0.04067681,-2.1405342,1.8595452,-1.0539709,0.13001221,0.5975385,1.2102439,0.75388616,-0.541335,-0.097679526,-0.19633251,0.44781306,-1.2039458,-0.7016824,0.951539,-1.7284347
109327,-0.39373398,-2.5070245,1.519322,-0.9961066,0.4658889,0.109478526,0.9080865,0.45068988,-0.8926725,0.55608976,-0.16453648,0.4933096,-1.0084891,-1.0038358,0.68743145,-2.3082838
109326,-0.118276514,-2.3155901,1.713757,-0.9684891,0.33551994,0.45697054,1.2392788,0.82655233,-0.7852901,0.20191634,-0.22843851,0.5467682,-1.2087495,-0.70721877,0.80102456,-2.050036
109331,-0.41305846,-2.3832204,1.5392331,-1.0178306,0.43354198,0.16589138,0.89410776,0.44420093,-0.60950166,0.6097588,-0.21164198,0.6009053,-0.97813076,-0.95495903,0.49036452,-2.2472277
109333,-0.45138478,-2.555622,1.4987115,-0.99193615,0.37070546,0.17185779,0.88873595,0.40107042,-0.83201724,0.5917998,-0.12938057,0.6852928,-0.9600414,-1.0302948,0.62449473,-2.2937293
109328,-0.36653036,-2.429596,1.5352138,-1.2001096,0.23910181,0.13725792,1.012376,0.17986807,-0.7213084,0.7324414,-0.21673399,0.50274444,-0.9909535,-0.96963364,0.7272863,-2.3432298
109334,-0.67742276,-2.6497266,1.6558992,-1.03865,0.22792442,-0.016020648,0.86702067,0.47867772,-0.6923376,0.27764082,-0.06675573,0.53485733,-0.87776095,-1.0991031,0.929395,-2.3297915
13398,0.38262618,-0.47119674,0.6414733,1.1230135,0.15674168,-0.13150853,0.0005048292,-1.4487342,0.00064039,0.12690674,-0.16401567,-0.15566552,0.6490846,-0.2784667,-0.201827,-0.78442866
55803,0.41660893,-0.34419122,0.5309189,1.3762099,-0.016410423,0.0029581795,0.35085443,-1.0590239,0.057984486,-0.0030463007,-0.11082894,0.25660616,0.77177733,0.22473265,-0.3695395,-1.0894154
87466,0.21519187,-0.5705231,0.8572191,1.121732,0.015138187,-0.27442408,-0.16824953,-1.5497305,-0.022926562,0.4086179,-0.52505183,0.14538103,0.4561734,-0.17099,-0.41920733,-1.0084636
25028,0.33951405,-0.25523433,1.1489533,1.218493,0.8926478,-0.11154489,0.15495655,-0.78049755,-0.15085712,-0.13648407,-0.67926365,-0.3242831,0.5524984,0.10800448,-0.29499277,-0.43078217
10659,-0.17939945,0.5045606,0.5104377,0.42129117,0.4370807,-0.53490686,1.0731448,-0.63513494,-1.0271537,-0.0055509876,-0.24726894,-0.32308084,0.52588034,0.056916792,0.17663045,-0.7939807
6479,0.15264544,-0.6792405,0.7523065,1.158215,0.19605935,-0.28087136,0.597922,-0.5457434,0.10936338,-0.7951242,-0.03939867,-0.7081007,0.854467,0.7073151,-0.63878673,-1.0163139
10041,-0.22556023,0.017435743,1.2553159,0.46879327,-0.00027811644,-0.69666404,0.7360147,-0.49081343,-0.7148719,-0.30910707,-0.5592235,-0.99908406,1.1164718,-0.012447812,-0.4378591,-0.89296603
45742,0.23216395,-0.5599493,1.2879615,1.0211834,0.32466272,-0.15286605,-0.07185565,-0.2157771,-1.2994534,-1.2082978,-0.3832794,-0.24241123,0.9566173,-0.2141681,-0.54544854,-0.6932539
39605,-0.32901075,-0.6550548,1.3487582,0.7538273,0.09897007,-0.3692115,-0.060237773,-0.60518456,-0.28977567,-0.6352812,-0.48331016,-0.7769348,0.86527413,0.21657144,-0.4013847,-0.67602044
39612,-0.3732573,-0.61916345,1.3796194,0.5842051,0.28521267,-0.0062824404,-0.46203294,-0.13060729,0.26336586,-0.7276958,-0.75842917,-0.90423805,1.1202275,-0.23109533,0.30906418,-1.1558259
56717,-0.55079955,-1.157266,1.4520854,0.77832335,0.09743438,-0.18726689,-0.27276126,-0.34791103,-0.1702143,-0.64065146,-0.7982864,-0.9523673,1.0904666,0.0010560036,0.10323857,-0.85634184
56747,0.17391488,-0.21483213,1.0628227,1.0029806,0.054685615,0.07345642,0.2295717,-0.624384,-0.718527,-0.30096352,-0.2788826,0.015891535,0.9859257,0.22584641,-0.34742033,-0.6666026
55271,-0.9428198,-0.046861894,1.0722157,0.34222302,-0.19103272,-0.1925231,-0.07227382,-0.90349954,-0.34123796,-0.65641415,-0.15083884,-0.81099665,0.36695108,0.35779938,-0.30078036,-0.2691741
59796,0.1523086,-0.51967704,1.3539214,1.1602621,0.16278166,-0.26906234,-0.1619193,-0.2239138,-1.3929384,-1.2084348,-0.53988665,-0.344824,0.7277562,-0.030086014,-0.29254493,-0.7914217
3987,-1.0153751,-0.555859,0.59883744,0.8065618,-0.07597417,0.45432508,0.054724198,-0.377307,-0.46518406,-0.00055214623,0.25335988,-0.47522008,0.7344091,-0.002002705,-0.78003,-0.32677153
18847,-0.15069336,-1.3376868,0.8653371,0.21653527,0.5049119,-0.93319565,0.3311436,-1.5181923,-0.113100745,-0.6824513,-0.108769804,-0.28839165,0.5941009,0.13938011,-0.26535308,-0.6368896
59823,-0.26951617,-0.7258075,1.329522,0.8097926,0.1563987,-0.33454043,-0.086915076,-0.59245354,-0.33694616,-0.7716112,-0.39019483,-0.5873525,0.8814994,0.17623903,-0.45875707,-0.6842819
10105,0.44103742,-0.6474282,0.53498596,1.0734862,0.29633942,0.20572202,0.5128189,-0.42013347,0.28233904,-0.82303584,0.12525558,-0.033432007,0.82298255,0.7860537,-0.334909,-1.1121669
25027,-0.3733301,-0.749855,1.3373832,0.6824202,0.22051759,-0.36801657,-0.21686639,-0.64404976,-0.2171983,-0.63067806,-0.38342184,-0.7343139,0.8481876,0.14263733,-0.4341958,-0.7367296
39626,0.34813857,-0.6112273,0.9533017,0.5540736,0.3832173,0.13961977,0.25607535,-0.41972324,-0.83930963,-1.0755156,-0.17609137,0.03867645,0.9860213,-0.27430218,-1.0693842,-0.44827062
41980,-0.29007182,-0.77901196,1.3269498,0.65110064,0.17907916,-0.3103426,-0.12074941,-0.7144377,-0.24554273,-0.6667877,-0.34207806,-0.73188806,0.8954276,0.12393397,-0.41823912,-0.6189549
54910,-0.21844363,-0.25500846,1.3016229,0.15868881,0.22157659,0.10439264,-0.06765925,-0.7319798,0.17440099,-0.9798457,-0.5513121,-0.4527315,0.7199434,0.4069443,-0.28133947,-0.6167363
54997,-0.4736289,-1.1558734,1.5225456,0.7198766,0.21954867,-0.10794468,-0.2491282,-0.24025479,-0.17081748,-0.5319367,-0.90616083,-1.0390702,1.163428,-0.09603377,0.21126182,-0.80959004
56698,-0.2460906,-0.5687167,1.6386284,1.0774202,0.27973843,-0.55952007,0.065345004,-0.44145313,-0.7143275,-0.5648086,-0.39804643,-0.7476948,0.71875864,0.59411037,-0.08490981,-0.55289704
56700,-0.36137503,-0.78658926,1.2576061,0.7835227,0.14955461,-0.4258558,-0.0019134007,-0.68238825,-0.28817287,-0.656693,-0.31842104,-0.66312784,1.0595955,0.06607318,-0.45771825,-0.66382366
56744,-0.365046,-0.6971709,1.6233752,1.082024,0.25918502,-0.55182743,0.028651971,-0.42846453,-0.716666,-0.63639134,-0.32664782,-0.77893054,0.7945663,0.54723245,-0.07231671,-0.5469548
56797,-0.4390501,-0.72561044,1.3492656,0.5755225,0.28206068,-0.13281338,-0.44413158,-0.37686595,0.09111649,-0.69434893,-0.65399164,-0.9135563,1.1189941,-0.08617474,0.17142442,-1.0797105
59784,-0.13811266,-0.55249923,1.420529,0.98723406,0.012709836,-0.52729285,-0.41230762,-0.67181134,-0.8427547,-1.1774698,-0.6550501,-0.37618598,0.45301417,0.24360642,-0.36807078,-0.8072641
59785,0.10684865,-0.95567286,1.5035169,0.59859234,0.5412131,-0.37649068,-0.23924188,-1.2015814,-0.7588526,-0.05565956,-0.574999,0.23319305,0.34847248,0.42444095,0.12237088,-0.46970975
59790,-0.08154526,-0.4243383,1.411813,0.93394566,-0.023326512,-0.4898335,-0.41409835,-0.46882117,-1.0294068,-1.2849791,-0.88410205,-0.33911166,0.29209104,0.13100925,-0.28934726,-0.8162878
59813,-0.24579741,-0.6500825,1.3770549,0.81417906,0.22164848,-0.5052182,-0.13818988,-0.73101,-0.24487308,-0.5524026,-0.42218515,-0.61091274,0.8228971,0.19851238,-0.3953784,-0.7915368
45008,-0.23315069,-0.30634388,0.8782918,0.6725037,-0.62681913,0.64334595,0.013033651,-0.6702581,-0.2032008,0.30080926,-0.37299433,0.72463363,0.46662924,-0.17691827,-0.9888569,-0.7916585
50041,-0.45176208,-0.25838262,0.67738885,0.5163088,1.3921272,0.32271656,0.25916484,-0.73274356,0.29209277,0.22971486,-0.031190593,0.057353597,0.79248637,-0.43564075,-0.8090002,-0.2242114
45611,0.20638682,0.38958898,0.26380262,1.0867008,0.29443243,-0.06617355,1.0045178,-0.853938,-0.85802627,0.19976935,-0.18152533,0.11379763,0.7009755,0.19752663,-0.03698151,-0.95197403
10144,0.4229066,-0.20249517,1.0383453,0.6545044,-0.14504127,0.30496418,0.43358675,-0.50508463,-0.49779022,-0.35717955,-0.19927858,0.18934764,1.0028068,0.15512986,-0.7290481,-0.72812116
9865,0.5967341,-0.48469564,0.32300916,0.4430126,-0.073982224,0.97035086,-0.092695735,-1.3466733,0.08984659,-0.58010983,0.20777039,-0.6050963,0.2995799,-1.3096939,0.75861996,-0.729011
23307,0.5683583,-0.5410305,0.3834937,0.6956922,-0.24094714,0.8090115,-0.16553551,-1.3361326,0.101865806,-0.6197703,0.10762561,-0.8784552,0.055982262,-0.6863558,0.5424003,-0.647328
30792,0.34313452,-0.41243997,0.32130376,0.6057977,0.36399645,1.0426857,-0.5494594,-0.8327265,-0.10074752,-0.21358864,0.5277435,-0.7005717,-0.5594356,0.14009859,0.77386546,-1.2596614
89867,0.5319733,-0.50786984,0.38372317,0.41223937,-0.13471928,0.93277276,-0.21488117,-1.4358736,0.14472888,-0.6494603,0.18752669,-0.6492051,0.28798985,-1.3828034,0.67435414,-0.74718237
90025,0.47650382,-0.04717803,0.89810133,0.76208305,-0.069600336,0.67407846,-0.23277992,-1.2931275,0.40395224,-0.881161,-0.20718902,-0.6735753,0.18849823,-0.2866564,0.8532222,-0.576008
33704,-0.52920586,0.2184366,0.8344449,-0.4686404,0.90007186,0.70636666,1.2415874,0.33052015,0.3524495,0.36444184,0.036151897,0.24537927,0.015715608,-1.3027254,-0.33339494,-0.60875165
40545,-0.6392873,0.0918858,0.94373304,-0.40392578,0.50075376,0.6463471,1.1285787,0.16707973,0.726233,0.04462121,0.13951583,0.15547809,0.012955379,-1.010433,0.029588189,-0.38558018
38989,-0.5401774,0.11761179,0.7616988,-0.30180153,0.98268163,0.81848395,1.200311,0.41111788,0.44027132,0.45119524,0.08430556,0.25691286,0.016232552,-1.2421108,-0.39622647,-0.70180374
195418,-0.57189596,0.031206926,0.66211075,-0.4309899,1.0829021,0.7869601,1.1746014,0.2532971,0.33973143,0.31764832,0.08395201,0.1915608,0.12407733,-1.1771657,-0.31311962,-0.56529695
20628,-0.491485,0.20237082,1.1487503,0.31068283,0.37270465,0.9141014,0.67784804,0.21392477,0.24745673,0.85347754,-0.095673345,0.75038606,0.25511217,-0.8694917,-0.3376454,-0.7644313
26564,-0.5698556,0.13116354,0.4440491,-0.3239533,0.5806604,0.9904255,1.1345497,0.48877227,0.16798773,0.24537493,0.5772336,-0.59988534,0.23065753,-0.68741214,-0.21603775,-0.84358156
40531,-0.65374994,-0.28364456,0.77568144,-0.6142998,1.2491238,0.54470944,1.279407,0.034266863,0.4829937,0.3672226,0.06945234,0.4963597,-0.3836578,-0.5730222,0.07075542,-0.3403868
40535,-0.44211742,0.080109514,0.7755934,-0.33837298,0.8492816,0.68744934,1.3023971,0.3187877,0.40461764,0.36649466,0.12562156,0.2540088,0.033184413,-1.2240536,-0.3071066,-0.52678394
40538,-0.4645972,0.13760659,0.7250562,-0.34431586,0.9414263,0.80550563,1.1626905,0.23172435,0.4774928,0.41810834,0.1451286,0.26406786,0.08094277,-1.271221,-0.4006071,-0.6213277
40550,-0.39418426,0.06460184,0.6750997,-0.3580991,0.9913297,0.79821336,1.0951461,0.2607118,0.36422873,0.31178552,0.16882133,0.21084714,0.015754186,-1.3678875,-0.3596439,-0.5962355
45338,-0.16412628,0.16248304,1.2749727,0.29424998,-0.117609724,-0.63593197,0.9041022,-0.5419013,-0.7987794,-0.14253958,-0.57233316,-0.9395193,1.0814196,-0.021930901,-0.2798291,-0.8829349
9612,-0.47440857,0.56644166,0.18803965,0.22967997,0.09009928,-0.28953576,1.452282,-0.61834836,-1.095668,-0.02575971,-0.34679845,-0.41507155,0.261509,-0.031550135,0.41383415,-1.5647781
10709,-0.43433836,0.63523513,0.20630193,0.17258453,0.24897565,-0.32132044,1.3765486,-0.5768006,-1.0645971,0.04054987,-0.4096695,-0.40990654,0.2765385,-0.06954744,0.38125306,-1.618667
10675,-0.4423938,0.6315007,-0.108868115,0.17568457,0.28776422,0.050794568,1.1658915,-0.8410334,-0.99444085,-0.030986357,-0.27602622,-0.37933233,0.2303415,-0.08274316,0.19588381,-1.4768258
57936,-0.5030275,0.8633233,0.8055668,0.28205276,0.45211416,-0.07773931,1.0030054,-0.61820376,-0.4105992,0.46498576,0.016567484,-0.41892028,0.15493949,-0.0005918025,0.16910113,-0.561093
6616,-0.528099,0.5552669,0.142198,0.07240769,0.019074297,-0.01856166,1.3436589,-0.35992843,-1.0500808,-0.0083239,-0.09878265,-0.6545897,0.31591704,-0.038277265,0.29658136,-1.5329018
4636,-0.5071035,0.6856979,0.17725782,0.100936785,0.21489042,-0.22843423,1.4009689,-0.58802474,-1.0216641,0.027180491,-0.4005406,-0.28459767,0.2574025,-0.090786815,0.35848427,-1.4912792
10694,-0.5514764,0.7444874,0.2840902,0.13403101,0.13158074,-0.2448558,1.2590736,-0.723683,-0.8903657,0.09953513,-0.16668205,-0.58237904,0.100425966,0.09207174,0.400849,-1.4169661
10681,-0.49412277,0.668374,0.23407584,0.123437606,0.14967819,-0.18725078,1.4485924,-0.6272097,-0.9279934,0.074533984,-0.39000735,-0.33770138,0.35180235,-0.097300895,0.44280395,-1.477347
8382,-0.38727763,0.6494213,0.20788035,0.16365613,0.19106323,-0.13336478,1.4208056,-0.58992314,-1.0098073,0.17594948,-0.37577143,-0.26475424,0.25923032,-0.044151753,0.38482898,-1.48179
56630,-0.27172944,0.48440436,0.97310007,0.71074504,0.48251486,-0.13326705,0.22751337,-0.6394273,-1.5488096,0.18106654,-0.03592162,-0.3396445,0.17295547,-0.07188387,-0.11790361,-0.21292314
5559,-0.48991618,0.6546117,0.24319157,0.15071274,0.10945639,-0.07930932,1.4510052,-0.38242224,-0.9086028,0.1102946,-0.15186146,-0.5511219,0.34775743,-0.10021895,0.3397003,-1.3852404
167,-0.645767,0.61377484,0.19152325,0.19756854,0.17554493,-0.28770748,1.374062,-0.43153483,-1.0930223,-0.18316287,-0.42223847,-0.43018395,0.26725724,-0.08093323,0.57257867,-1.3688622
563,-0.57380736,0.6129436,0.2738737,0.1144203,0.05420134,-0.28624806,1.4177716,-0.7279485,-1.009659,-0.028836891,-0.32694235,-0.43968236,0.31179017,-0.012959123,0.43540615,-1.5705569
4535,-0.5129724,0.71570474,0.30356455,0.15815513,0.12653942,-0.22003038,1.4177504,-0.61330926,-0.85866535,0.122715846,-0.40108556,-0.32818207,0.28663966,-0.13646856,0.41181204,-1.4278957
8291,-0.50677466,0.61783797,0.20689523,0.08449918,0.13479449,-0.24114339,1.3902522,-0.6581401,-1.0551112,0.013673841,-0.3391323,-0.48433647,0.3241495,-0.08491466,0.43824175,-1.5856667
10657,-0.401574,0.6418107,0.19619627,0.12205176,0.0843046,-0.265865,1.4406956,-0.72035676,-1.0255783,-0.06251494,-0.36916205,-0.49262697,0.22910264,-0.047359098,0.36186236,-1.5122206
10676,-0.2873359,0.7020575,0.12739466,-0.11408883,0.27814123,0.0936522,1.2035882,-0.8510531,-0.993537,-0.1877463,-0.45142677,-0.51791817,0.17828234,0.13603976,0.39627317,-1.5054696
10683,-0.45572954,0.6091491,0.15889359,0.15316682,0.2057471,-0.36654043,1.3831162,-0.64755845,-1.0321282,-0.015623463,-0.32326826,-0.44417077,0.2062326,-0.036252357,0.3483178,-1.6240232
10699,-0.5184964,0.6554463,0.24396302,0.26708037,0.34961838,-0.46697465,1.3519398,-0.5490212,-1.1673075,-0.06417382,-0.3843104,-0.28569677,0.25836274,-0.07735513,0.28847733,-1.4934477
10706,-0.49432468,0.61986107,0.05180066,0.2317562,0.18788825,-0.32515225,1.3274943,-0.6159485,-1.2269529,-0.05648533,-0.38747898,-0.24879685,0.22737817,-0.09520768,0.27666432,-1.6960801
24367,-0.35126257,0.6296354,0.15041806,0.27640453,0.32661068,-0.3598364,1.1615632,-0.85222656,-1.3031251,0.035768017,-0.4446154,-0.31827632,0.20768371,-0.13850027,0.16389875,-1.499087
31050,-0.47735643,-0.08257646,0.4001198,0.06454196,-0.49912333,0.88188285,0.18100367,-0.8444481,-0.40702197,-0.17797212,-0.25407746,0.48538065,-0.11206459,0.10347246,-1.124333,-0.928506
61128,-0.12334073,0.098024,0.92215776,0.995251,0.1805341,0.17967248,0.43987304,-0.31610265,-0.28682056,-0.150408,-0.13435918,-0.43415958,-0.101238854,0.44782367,-1.3690326,-0.33156818
12740,0.023453154,-0.008407795,0.3548819,0.4865329,0.9032562,0.9998061,-0.2530552,-0.7727772,-0.1470437,-0.48293406,0.26078892,-0.11323919,-0.68046975,0.43021673,0.3461846,-0.74485713
68041,0.018188914,-0.052353222,0.36316404,0.38710186,0.95664424,0.8587944,-0.28405732,-0.7469345,-0.029570237,-0.40685055,0.24118552,-0.15947852,-0.473656,0.3706593,0.3599143,-0.806739
68043,0.058854993,-0.101881534,0.31271636,0.28031248,0.97695935,0.9127211,-0.19785818,-0.7231692,0.0076160002,-0.30973715,0.23754297,-0.16571644,-0.6203241,0.3587442,0.3937333,-0.8143948
68035,-0.046738233,-0.109293714,0.22584681,0.5084537,0.97532314,1.03825,-0.34363946,-0.69733644,-0.082840234,-0.39715466,0.075889334,-0.2405692,-0.53012323,0.35871056,0.35045123,-0.9264788
63211,0.08891681,-0.23407346,0.39625597,0.90599144,1.0197856,0.68932635,-0.47353464,-0.13280426,0.13919532,-0.21527389,0.4433987,-0.58686906,-0.36954042,0.33577934,-0.07343672,-1.4922775
27240,0.07610749,-0.35269716,0.35914117,0.5962968,0.54912776,0.9537981,-0.3749711,-0.2263356,0.024312463,-0.17487442,0.7293999,-0.6530401,-0.44517884,0.44543597,0.36726525,-1.6314096
67982,0.19055149,-0.31363672,0.33018562,0.61124605,0.5933468,1.1020042,-0.5699747,-0.7667239,-0.13826294,-0.38134667,0.51991606,-0.5053324,-0.6061849,0.1405481,0.69999987,-1.1193632
68037,0.057995986,-0.18479817,0.32758838,0.4934761,0.90476745,1.0737034,-0.35757855,-0.39746982,-0.06962242,-0.30965412,0.39445102,-0.41361892,-0.4753381,0.4360794,0.24166133,-1.2408311
68050,0.21831813,0.15157743,0.9314153,0.73535955,0.5168315,0.8048728,-0.44306788,-1.0180217,0.3949564,-0.85605276,-0.11783947,-0.3420453,-0.17361327,0.3514929,0.6853701,-0.59907097
67992,0.19032039,-0.336344,0.28929132,0.53583395,0.69989145,0.97460896,-0.44890884,-0.65341103,-0.014025333,-0.30981046,0.4964967,-0.6307897,-0.5538296,0.36452097,0.57674587,-1.3841239
68010,0.066405386,-0.13692483,0.2736472,0.66368586,0.9783917,0.9964441,-0.27574858,-0.31148556,-0.047841318,-0.2944779,0.4441986,-0.2925819,-0.49005213,0.48327997,0.3171076,-1.3006321
3486,0.08179608,-0.11308174,0.3963037,0.4073813,0.92869717,1.0136119,-0.2834194,-0.6206934,-0.19262192,-0.4043984,0.22552219,-0.25630116,-0.53679264,0.3502416,0.25563404,-0.76083827
23663,0.13175647,-0.3916438,0.39576802,0.6802706,0.50920063,0.8939403,-0.3844096,-0.255815,0.03583677,-0.25815693,0.8740389,-0.586751,-0.35205957,0.47894812,0.45189077,-1.6602727
28768,-0.019598773,-0.27427873,0.11184562,0.7240929,0.5807086,0.95918965,-0.18299791,-0.22789134,0.2128442,0.006301688,0.80970645,-0.31970355,-0.43007335,0.31745517,0.06965761,-1.5941008
29965,-0.20767751,-0.21361133,0.012947773,0.94075376,0.8025948,0.6654134,-0.22229792,-0.32546198,0.18854946,0.036318887,0.6008779,-0.46593827,-0.23337038,0.26436904,-0.22278927,-1.5065676
56422,0.31269962,-0.71720225,0.646596,0.41529503,1.6836727,0.2194173,0.15354699,-0.7050295,-0.60948825,-1.0749971,0.8160329,0.31440964,-0.10872417,0.24276078,0.08856549,-0.14938933
57521,-0.6375625,0.4876149,0.33691823,-0.41077277,0.17261596,1.0993191,-0.19121946,-0.5345407,-0.679394,-1.001674,-0.27541476,0.28682807,-0.61327356,-0.12856412,-0.52486515,-1.1923019
23673,-0.72473425,0.3771187,0.3662134,-0.3958976,0.2851876,1.1247337,-0.5910713,-0.4021026,-0.8666843,-1.0745225,-0.53562343,0.26604518,-0.496467,-0.62861043,-0.49166894,-1.2411267
3279,-0.7299808,0.14762792,0.32182264,-0.17891474,0.15016785,0.57315683,-0.13219702,-0.66477144,-0.30678174,-1.2874476,-0.45080847,0.22524841,-0.5229968,-0.17485921,-0.79485774,-0.7973514
56012,-0.8145669,0.32364166,0.3250983,-0.402892,0.17964256,0.98352116,-0.4747216,-0.4246169,-0.73177403,-1.33444,-0.5816585,0.23874804,-0.55131215,-0.5259305,-0.7074294,-1.2806171
6816,-1.0061738,0.30049574,0.75114226,-0.42361206,-0.23271927,0.5737247,-0.107450955,-0.7452598,-0.60040265,-0.9307616,-0.19869754,-0.18286942,-0.50390816,0.18548729,-0.41357592,-0.7243647
12992,-0.13785864,0.044579443,1.1415724,0.24099025,0.38606706,0.012910461,-0.43031216,-0.6789484,-0.3438025,-1.0852529,-1.0026048,-0.043985832,-0.08265036,0.24662814,-0.6684256,-0.6120997
39929,-0.8197924,0.32840008,0.30135658,-0.33939812,0.2073474,0.9128069,-0.4877353,-0.37352648,-0.7739255,-1.4203966,-0.68503547,0.23897499,-0.45201594,-0.51892304,-0.70222884,-1.3148522
52595,-0.6980791,0.29124868,0.49280336,-0.5199653,0.09933441,1.0514632,-0.3774094,-0.45375803,-0.7232516,-1.1093774,-0.52874094,0.24408871,-0.58474237,-0.23552844,-0.47607502,-1.1948234
39073,0.26417926,-0.40202874,0.39595515,0.47202528,0.9237253,1.1836816,1.1992584,0.16298924,-0.60612893,-0.9266796,0.13117373,0.7340208,0.024006536,-1.0148629,-0.39893734,0.23414429
39074,-0.23440698,-0.45487484,0.45433098,0.7641831,0.82302856,0.9478089,0.98442173,0.71715355,-0.5610687,-1.0348957,0.049206655,0.60345083,-0.07764243,-0.98631346,-0.3616456,0.16946097
70883,0.51028764,-0.56441164,1.1824661,0.64343655,0.7668956,-0.2547571,-0.42275,-0.3862382,0.14977387,-0.1549279,-1.416263,-0.2953703,-0.28050688,-0.21663791,-0.9917494,-1.7522197
87592,0.5280924,-0.2754047,1.034745,0.6391232,0.56980145,-0.15426572,-0.19426231,-0.82694954,-0.008434693,-0.49684757,-1.1555165,-0.39493176,-0.02689639,-0.119410664,-1.0363239,-1.1934359
38682,0.39574346,-0.5637519,0.72536695,0.40605247,0.8393918,0.42628765,0.46202964,-0.6602294,0.5162785,-0.8313547,-1.1720773,-0.703493,0.7993631,-0.2428775,0.18710946,-0.5786154
103886,0.3886514,-1.1859396,1.3158976,-0.31777522,0.7078797,-1.0967113,1.1473094,-1.5057681,-0.59903985,-0.456477,-0.0018616662,0.8125596,-0.24349873,0.112614475,0.46591678,-0.90944695
89895,0.29541972,-1.3314692,1.5880549,0.15797518,0.77974075,-0.7646405,0.42301986,-1.246243,-0.82516795,-0.25709805,-0.22620197,0.85148084,0.063363336,0.31737304,0.5896932,-0.51620406
117379,0.4556887,-1.2149576,1.3476459,-0.30822343,0.85705894,-1.1019258,1.1110649,-1.4105545,-0.5470502,-0.580314,0.19512244,0.7473359,-0.2701833,0.045013808,0.5390273,-0.8864101
110102,0.5071276,-0.7519028,1.8761199,-0.6974801,0.0861837,-0.24413207,0.9916105,0.19581632,-0.75232965,0.05380956,0.34428936,-0.742758,-0.19631669,-1.0697911,-0.6031061,-0.90221864
140574,0.9807874,-1.4333391,1.3351592,0.38435212,0.688527,-0.6351315,0.7782732,-0.30168548,0.22210751,-0.12060891,0.6084922,-0.35122517,-0.019755103,-1.2540984,-0.014080294,-1.1820422
96631,0.99037147,-1.5493501,1.4091972,0.478346,0.13533814,-0.7885838,1.1854061,-0.010926547,0.56705457,-0.46553835,0.77321124,0.059222393,0.10418122,-0.34631315,-0.08846917,-1.9254678
89301,1.0437373,-1.3385614,1.2898419,0.12559907,0.7083938,-0.63644755,1.2307315,-0.31386665,-0.22474699,-0.33878502,0.42112416,-0.70401734,-0.19074409,-1.037824,0.0007877108,-0.8493749
18638,1.0015181,-1.2106987,1.5077151,-0.04964895,0.40846568,-0.5399994,1.5516648,-0.12879056,-0.5735587,-0.2711757,0.24077417,-1.043413,-0.27017635,-1.0070227,-0.1127162,-0.60523087
114259,0.9609456,-1.1424531,1.3531135,-0.03137727,0.7327964,-0.6444191,1.1887418,-0.24966504,0.42709982,-0.41307712,0.43565205,-0.5529579,-0.118579954,-1.3205466,0.13573135,-1.0571032
28812,0.06758062,-0.27309978,0.44552016,0.616838,0.6568771,1.0043297,-0.2562647,-0.116525754,0.04652511,-0.21394433,0.7948694,-0.6525733,-0.41573158,0.5671023,0.25621685,-1.8358704
57880,0.10778247,-0.33009374,0.33466294,0.66815066,0.6229255,0.8907814,-0.3295239,-0.16700841,-0.0014947035,-0.08582683,0.76708585,-0.59079576,-0.45949388,0.482762,0.10716063,-1.8131117
80915,0.15391755,-0.50577354,0.46045732,0.71607864,0.56799746,0.9195361,-0.31283748,-0.12039681,0.030465467,-0.3676991,0.9306788,-0.6378972,-0.19900557,0.6242793,0.24525265,-1.9038138
80912,0.13932142,-0.46333575,0.62615335,0.8752297,0.5939632,0.74361515,-0.33025438,0.070207186,0.17768537,-0.310358,0.78148943,-0.64907336,-0.27386513,0.70432305,-0.019191114,-1.8733963
14858,0.10228532,-0.4715656,0.48829147,0.85083807,0.60630757,0.81966716,-0.17773348,0.11949343,0.20940451,-0.28527692,0.8873917,-0.75517064,-0.25338265,0.7103146,0.057089046,-1.9114822
1120,0.22417982,-0.31761476,0.4836416,0.29062995,-0.023068395,1.2022601,-0.15648791,-1.0221972,-0.022613788,-0.25705865,0.35451055,-0.15400812,0.19717066,-1.9104085,0.60432553,-0.45497644
58358,0.3180626,-0.26267895,1.3173629,1.2143902,0.92722404,-0.21368563,0.15745632,-0.71316636,-0.58467704,-0.18925563,-0.7617295,-0.33263946,0.5794415,0.16583054,-0.21852364,-0.4396422
52643,0.6537589,-0.08706595,1.5329307,1.4563427,0.43742296,-0.36136216,0.50431156,-0.11315029,-0.732296,-0.4190157,-0.7870186,-0.4721996,-0.018917602,0.6812021,-0.46578258,-0.5906575
54973,0.117022954,-0.66779953,1.5832384,0.5829096,1.0135785,-0.28581724,0.09341009,-0.5119557,-1.0087136,-0.3594379,-0.3645534,0.29285914,0.31930265,0.555123,0.39828575,-0.1728137
56625,0.13369587,-0.34028253,1.4099668,1.1648576,0.08060009,-0.45517585,-0.30155995,-0.37247586,-1.4714459,-1.2573265,-0.70012194,-0.36399585,0.4694656,-0.007129249,-0.14279518,-0.8567715
64031,0.48652872,-0.19190612,1.5041208,0.9567225,0.46796417,-0.14117272,0.06868012,-0.5228162,-1.0177096,-0.33654326,-0.6401668,-0.45968547,0.46459785,0.23231182,-0.036154266,-0.5884278
86918,0.17377017,-0.37098306,1.3726474,1.2633976,0.26770386,-0.3844799,-0.15541014,-0.18458165,-1.4091523,-1.124191,-0.6583711,-0.27319807,0.6687031,0.014558573,-0.072721645,-0.86849225
87518,0.014240779,-0.14348273,1.3624963,0.6801448,0.19704205,-0.22205006,-0.40061077,-0.62591743,-0.8708182,-1.1779734,-1.1377754,-0.17260492,0.07229727,0.3243268,-0.49568725,-0.7272815
87668,0.6321232,-0.10969296,1.412465,1.6416675,0.32268736,-0.20253426,0.5576731,-0.14537671,-0.634381,-0.32894868,-0.82537377,-0.4265142,-0.009872903,0.71674824,-0.55154836,-0.5717772
42014,0.3052359,-0.10878558,1.2388273,0.22438365,0.691734,0.28112283,0.26383746,-0.76250935,0.56093174,-1.0083729,-0.66122794,-0.10999068,0.64737946,0.41492105,-0.4095677,-0.6515908
47095,0.3286328,-0.3174894,0.73422205,0.67022824,0.5649343,0.37087655,0.33278438,-0.5594942,0.525957,-1.0654427,-0.4284812,-0.3677025,0.97230345,0.33574054,0.02407696,-0.9669427
132286,0.06774911,-0.45345563,1.3735244,-0.5406701,0.79286,-0.1066102,0.47745633,-1.0756112,0.17452039,-0.94088566,-0.3477633,0.28089866,0.33198977,0.6167983,0.14673448,-0.3289421
80745,1.6427842,-0.96365464,0.53998035,0.41839695,-0.2849255,0.429801,0.26043975,-1.0571009,-0.51938254,-1.7156178,-0.29759502,0.18891697,-0.98340344,-2.0103974,1.0729804,-2.0808787
155129,1.5446908,-0.9418946,0.34882304,0.22380003,-0.1581038,0.45674413,0.34620023,-1.3510143,-0.3663264,-1.4140004,-0.029680505,0.13093734,-0.7387722,-1.9154224,0.5558133,-1.9150801
179509,1.4862198,-0.8818896,0.52619207,-0.037919864,-0.28411025,0.51036423,0.26018366,-1.5122455,-0.23914194,-1.3089359,0.0071770507,0.25070783,-0.5158749,-1.9464754,0.52043533,-1.8337195
166898,0.4787931,-1.2876952,1.3805209,0.0036197077,0.9851573,-1.2026931,0.80708224,-0.29209635,0.70264065,-0.6822249,0.5603656,-0.8438414,-0.119130954,-1.5383047,0.4838277,-1.808878
117373,0.32518965,-0.692901,1.1832408,0.8693828,0.2742938,-0.05400764,0.053760607,-0.24604163,-1.2661358,-1.2545887,-0.26005843,-0.034221172,0.99998623,-0.3485949,-0.93324226,-0.6085862
89392,0.8945988,-1.6133581,1.2919666,0.47014004,0.84143925,-0.9113417,1.0197476,-0.58433455,0.04084702,-0.17297882,0.5928387,-0.38511503,-0.056647282,-1.4670683,0.03711774,-1.0116225
108387,0.3596765,-0.46959925,1.4542747,0.95054954,0.9172006,-0.41448483,-0.4021934,0.2094853,0.6889233,0.099089295,-1.0598412,-0.25262597,-0.14793797,-0.13499233,-0.4339307,-2.4599771
45865,0.2902903,-1.0097829,1.488964,-0.16684136,1.1065643,-0.69755274,0.7885002,-0.9566246,-0.6470981,-1.0368346,0.98058397,0.4642035,-0.43694323,0.34213305,0.7663221,-0.35510126
164210,0.8290085,-1.0980741,1.3372959,-0.1668485,0.9572229,-0.73357373,1.1755575,-0.98694557,-0.4612792,-0.91549665,0.7929456,0.18336,-0.25242332,-0.46719328,0.5113945,-0.49258855
87602,-0.11976179,-1.0476598,1.3999559,-0.4334539,1.120257,-0.63565373,0.8152985,-0.8608555,-0.2760903,-0.6920777,0.041836485,0.517747,0.049680017,0.43779665,0.6001117,-0.43502474
54981,0.13005824,-0.90957785,1.4613315,-0.07446906,1.1022576,-0.53928393,0.64351577,-0.8735579,-0.63939214,-0.99955785,0.8577805,0.5065023,-0.2800284,0.45891684,0.77482027,-0.17472327
55061,0.108039215,-1.2114643,1.574476,0.24822696,0.82880574,-0.51453406,0.11286272,-1.0953408,-0.7910689,-0.17494972,-0.25108522,0.7050015,0.20525709,0.39303598,0.51616937,-0.34241915
89697,0.66575325,-1.5589321,1.166739,-0.23288673,0.4696752,-0.66102463,1.6089536,-0.93196774,-0.22574139,-0.3338748,0.3626788,-0.41555834,-0.14403391,-0.21501991,0.012943914,-0.44179732
134972,-0.003889022,-1.7450147,0.43361598,-0.26701045,1.0148301,-0.9705396,1.3334703,-1.024071,-0.7692644,-1.2085367,-0.11481504,0.48548698,0.12080523,0.10900112,-0.124371454,-1.020106
87951,0.7290384,-1.6280382,1.0705473,0.5039091,0.16251373,-0.7351601,1.3807602,-0.24406575,0.35176334,-0.8347069,0.5788187,0.3202153,0.037673175,0.8692061,0.06015791,-1.7581824
110642,1.0111973,-1.0686103,1.2032266,0.023105823,1.191832,-0.6705415,1.2910804,-0.6716133,-0.22246414,-0.6230224,0.6488715,0.03839772,0.078787774,-0.9263167,0.22799286,-0.73919225
25053,0.69068927,-1.21194,0.89976954,0.80509245,0.09439659,-0.23081112,0.9758098,-0.33852747,0.3954291,-0.7683666,0.4663765,0.22213487,0.4764713,1.0107917,-0.04281431,-1.5280133
25089,0.53225935,-0.59914553,0.56581736,1.2730957,0.30799794,0.17554548,0.5820417,-0.40775153,0.12310116,-0.90918326,0.17137484,-0.06064621,0.94236916,0.74602765,-0.4441748,-1.3188254
49657,0.5291606,-0.6949353,0.6037633,1.1789972,0.31800413,0.22778815,0.44017082,-0.38587132,0.16463359,-1.0539343,0.17748809,0.12648918,0.93673486,0.75243735,-0.39315626,-1.4597299
56657,0.5344315,-0.7954865,0.5946768,1.2078931,0.32976985,0.11456534,0.44629094,-0.5219699,0.15754399,-0.95486075,0.0940436,-0.13256939,0.8307831,0.81605995,-0.30761424,-1.3369975
78711,0.2560738,-0.72252953,0.7078984,1.2173291,0.2011218,-0.16841239,0.5749763,-0.5474582,0.17782189,-0.9456764,0.17896298,-0.586301,0.9376216,0.77410376,-0.6685167,-1.2631129
88040,0.62317103,-0.5003753,0.6523534,0.44283494,1.05707,0.0982684,0.5925743,-0.5050276,0.076253995,-1.3830192,0.25346974,0.4611598,0.29307967,-0.47287378,-0.75783926,-0.21155082
16717,0.40977776,-0.4193585,0.49219394,0.35413653,0.007616177,1.1341612,-0.24650098,-1.109103,-0.054535702,-0.3535338,0.3327619,-0.262941,0.2743038,-1.9525537,0.7172184,-0.6243316
146795,-0.08672919,-1.9089296,0.50458163,-0.32432395,1.0425345,-1.0443534,1.4854028,-1.1702757,-0.78989625,-1.2929106,0.04248381,0.4806223,0.30080342,-0.028974306,-0.048705257,-1.1508598
146968,-0.066967316,-2.1437747,0.41281462,-0.3478746,1.0600524,-1.088228,1.5420649,-1.085473,-0.96491796,-1.4934666,-0.049854066,0.47810337,0.17839102,0.0021178455,-0.20439705,-1.3150923
56716,-0.08490258,-2.0910206,0.31126723,-0.36906216,1.0592763,-0.987048,1.5734943,-0.96198016,-1.0079309,-1.4343613,0.024464881,0.60651386,0.2649228,-0.049915016,-0.16992728,-1.2997618
45347,0.38118836,-0.7651945,0.68732727,0.4216878,2.1274986,0.24151285,0.1793178,-0.57898825,-0.8590086,-1.3494838,0.8661657,0.2268476,-0.1676318,0.16225402,0.196161,-0.24062786
65740,0.3948982,-0.77197254,0.7201326,0.43190455,2.081607,0.20413122,0.14752182,-0.6016197,-0.8930445,-1.318042,0.8664868,0.15792105,-0.23219061,0.24004653,0.1744178,-0.18395716
131976,-0.3265234,-1.0452937,0.94777,0.01457846,1.3166772,-2.1812732,1.3288529,-1.105194,-0.20424989,-0.550667,0.437051,0.12815803,0.12875576,-0.95719147,0.73066,-1.6969227
89688,0.9619882,-1.547427,1.3502557,-0.07071773,0.5723863,-0.45368972,1.4426059,-0.6714251,-0.26323864,-0.12969021,0.16037463,-0.9611059,-0.11648189,-0.82297206,-0.096081465,-0.47811323
98136,0.9696447,-1.7471797,1.3585567,0.5858451,-0.0025268337,-0.90092295,1.4209055,-0.01363,0.48899734,-0.7477855,0.73588836,0.23467329,0.07321588,0.1283225,-0.031842135,-2.2342956
133983,0.9721112,-1.8583229,1.5002719,0.55681777,-0.21910541,-0.9168823,1.4223442,-0.18064536,0.7257295,-0.82359713,0.757657,0.14931338,0.07033986,0.15938479,-0.16403037,-2.4141986
138455,0.8115074,-1.9116634,1.3078282,0.591419,0.0056419717,-0.86518586,1.4495442,-0.20547077,0.3448507,-0.8821756,0.6887861,0.41918284,0.036418006,0.6113736,0.11298869,-2.2474046
87207,0.03797104,-0.15038466,1.2448651,0.7739425,0.8508506,-0.8300704,-0.29600742,-0.917445,0.18603761,-0.45837042,-0.45243046,-1.02966,0.10991559,0.050870366,-1.0250915,-1.3803687
78931,1.7394104,-0.93223894,0.4095822,0.43998358,-0.15726319,0.52791613,0.38102803,-1.1849937,-0.6715557,-1.5044293,-0.36104488,0.24115942,-1.1075299,-2.1668203,1.0034077,-2.2150016
64382,0.83338684,-1.814574,1.23416,0.6029804,0.02501733,-0.8504823,1.5338627,-0.19378762,0.2916032,-0.8451118,0.6526378,0.47857484,0.09104172,0.7344451,0.07179158,-2.2870092
147109,0.7352516,-1.835119,1.2015873,0.4380252,-0.12784201,-0.73257893,1.4509069,-0.47182,0.4541882,-0.8750441,0.68906593,0.25534713,0.1762918,0.72001547,0.036810216,-1.8841645
131633,0.60879344,-0.64941543,1.4176768,0.84746385,1.0322421,-0.23468493,-0.3343056,0.08978657,0.515431,-0.010797774,-1.339826,-0.24637853,-0.2237724,-0.115334526,-0.6665763,-2.4026353
132269,0.53168035,-0.6737951,1.2603394,0.74088037,0.75311613,-0.23233941,-0.48219502,-0.1994283,0.21821466,-0.14558408,-1.5083245,-0.31384623,-0.30869037,-0.21588385,-0.9055548,-2.0849855
45699,1.060106,-1.2643938,1.4673759,-0.14125824,0.3858292,-0.5415321,1.7105024,-0.38752395,-0.3427697,-0.0056302375,0.2858652,-1.1187487,-0.19868828,-1.0089715,-0.14545198,-0.7573017
20520,0.5064546,-0.3432705,2.3858068,1.1984799,0.6637269,-0.43208617,-0.48171225,-0.076142564,0.89507353,0.27886513,0.115816265,-0.593004,-0.10000292,0.04745131,-0.25373635,-1.491557
